Network 0
| -1.333293 |
0.000120163
Network 1
| 2.220590 |
| -1.998146 |
| -0.692244 |
| 0.911240 |
0.00259399
Network 2
| 1.402883 |
| -0.699416 |
| 2.536035 |
| 1.225832 |
| 1.283983 |
| -5.434582 |
12.6995
Network 3
| -0.297248 |
0.00183105
Network 4
| 1.081394 |
| 0.385114 |
| 0.432145 |
| -0.497543 |
793.086
Network 5
| -1.451673 |
| 0.553941 |
| -3.597941 |
| 3.060316 |
| 2.757138 |
| -1.492706 |
| 2.665224 |
| -4.078645 |
| 3.392208 |
| -2.784695 |
| 3.644055 |
| 1.117043 |
| 1.167043 |
| -3.803783 |
| 1.809110 |
| -0.520106 |
| -6.175452 |
| -2.200983 |
| -0.698259 |
| 0.048892 |
| -0.727153 |
| -2.049614 |
| 3.169605 |
| 0.081160 |
| 9.684253 |
| 3.633294 |
| 2.620276 |
| 0.887191 |
| -3.814718 |
| 3.569677 |
| 1.537378 |
| -4.381993 |
| 0.387914 |
| 0.035383 |
| -4.253706 |
| -2.402710 |
| 0.337809 |
| -1.800264 |
| -0.632896 |
| -2.216100 |
| 1.679957 |
| 2.297466 |
| 0.723651 |
| 6.470241 |
| -3.022552 |
| 1.235975 |
| 0.797047 |
| -0.093335 |
| 5.393373 |
| 0.532992 |
| -3.449363 |
| -0.728685 |
| 3.488801 |
| 3.101776 |
| -2.009730 |
| -0.911862 |
| 0.888335 |
| 2.196974 |
| -0.857263 |
| 0.492832 |
| -1.443713 |
| 0.762434 |
| -1.142137 |
| 3.967786 |
| -0.623373 |
| -0.030747 |
| -0.516301 |
| 3.417202 |
| 4.356869 |
| -3.177930 |
| -1.232793 |
| 1.505474 |
| 4.149844 |
| 0.724922 |
| -3.229031 |
| -1.547294 |
| 3.364809 |
| 1.486697 |
| 0.735812 |
| 0.713777 |
| -0.879680 |
| -0.063979 |
| -1.912673 |
| -0.334589 |
| -2.741991 |
| -0.482576 |
| -2.477104 |
| 0.108511 |
| -3.152162 |
| 7.050495 |
| -2.448469 |
| -0.036223 |
| -5.054805 |
| -0.487698 |
| -0.411459 |
| 3.099135 |
| 5.435330 |
| -0.193156 |
| -4.955825 |
| 2.774081 |
1
Network 6
| -3.387643 |
| -4.621160 |
| -3.149988 |
| -0.140044 |
| 3.035118 |
| 2.191673 |
| -0.799710 |
| -4.605025 |
| -2.038914 |
| 1.772688 |
8
Network 7
| 1.652317 |
| 0.805243 |
| -0.645459 |
| 0.348028 |
| -0.431709 |
| -3.928680 |
| -3.305360 |
| 2.825845 |
| -2.428359 |
| -3.347976 |
| -0.113804 |
| -1.582768 |
| -1.729334 |
| 3.833859 |
| -0.943425 |
| -0.374376 |
| -0.451765 |
| -0.798346 |
| 0.798952 |
| 0.361983 |
3044.27
Network 8
| -2.322755 |
| -2.042030 |
| -7.491466 |
| 3.521150 |
| 2.302319 |
| 1.072632 |
| 0.029213 |
| -1.128952 |
| 7.629956 |
| 3.820226 |
| 2.434194 |
| -0.926879 |
| -2.019833 |
| -0.060558 |
| -4.451610 |
| -3.778270 |
| 2.889860 |
| -5.930653 |
| -2.247431 |
| -0.515289 |
26215
Network 9
| -3.264602 |
| -0.784554 |
| 0.877520 |
| 0.576061 |
| 0.034883 |
| -0.984378 |
| -1.374751 |
| -0.380712 |
| -2.796490 |
| -0.439594 |
| -0.340111 |
| 0.529012 |
| -3.735497 |
| 1.455865 |
| -3.004103 |
| -0.672549 |
| 1.580795 |
| -0.162183 |
| -2.616824 |
| -1.259652 |
| 2.386570 |
| -0.045879 |
| -0.201994 |
| 0.117673 |
| 2.019970 |
| 1.014629 |
| -2.177213 |
| 1.903154 |
| -1.341305 |
| 1.169433 |
12469
---------------------------------------
---------------------------------------
---------------------------------------
---------------------------------------
Network 0
| -1.333350 |
5.14984e-05
Network 1
| 2.125471 |
| -1.758454 |
| -0.543391 |
| 0.999396 |
0.000228882
Network 2
| 2.143025 |
| -0.323739 |
| 2.081774 |
| 1.296524 |
| 1.805594 |
| -5.717340 |
12.6287
Network 3
| -0.297271 |
0.000961304
Network 4
| 1.092333 |
| 0.378047 |
| 0.441016 |
| -0.504050 |
789.695
Network 5
| -1.139562 |
| 2.308990 |
| 5.991434 |
| 4.311899 |
| 0.869519 |
| 0.061805 |
| 4.857831 |
| -2.151593 |
| -2.034883 |
| 1.723462 |
| 1.370254 |
| -5.805651 |
| -0.334922 |
| -1.240962 |
| -1.856172 |
| -1.464495 |
| -0.145131 |
| -2.572117 |
| 0.868491 |
| 3.199056 |
| -1.778077 |
| -0.410549 |
| 0.979925 |
| 1.609554 |
| 8.686874 |
| 0.644622 |
| -0.236928 |
| 1.824084 |
| -0.860352 |
| 4.678514 |
| 0.144016 |
| 0.015208 |
| 0.952143 |
| -3.203415 |
| -5.792384 |
| -4.114939 |
| 0.505719 |
| 0.780670 |
| 2.419555 |
| -4.376784 |
| -7.421650 |
| 3.375241 |
| 3.076931 |
| 11.060827 |
| -3.978794 |
| 1.245493 |
| -2.995103 |
| 0.357899 |
| 3.063469 |
| -1.012428 |
| -2.627560 |
| 9.729849 |
| -1.033118 |
| 1.273386 |
| 3.025870 |
| 0.112582 |
| -0.735330 |
| 1.401376 |
| -4.496306 |
| -4.047892 |
| 0.410645 |
| 2.979100 |
| -0.517568 |
| 2.027483 |
| 0.608454 |
| -2.903676 |
| -1.486638 |
| -3.755033 |
| 3.150117 |
| 2.690028 |
| -0.710121 |
| -1.143056 |
| 1.250256 |
| -3.279857 |
| 1.647894 |
| 0.946202 |
| 6.822522 |
| 0.604325 |
| -2.725493 |
| 1.978139 |
| 0.479132 |
| -1.005449 |
| -3.954736 |
| 2.700639 |
| -1.341451 |
| -0.874115 |
| 0.010015 |
| -3.481032 |
| -3.501452 |
| 5.717765 |
| 1.509670 |
| 2.757234 |
| -0.376120 |
| 2.287541 |
| 4.383481 |
| 0.484056 |
| 2.312117 |
| 3.602858 |
| -2.139243 |
| 4.175912 |
1
Network 6
| -2.882035 |
| -4.580563 |
| -4.304782 |
| 1.026403 |
| 0.402420 |
| 1.390531 |
| 1.846323 |
| -6.323643 |
| -3.542192 |
| 1.139147 |
8
Network 7
| 1.891738 |
| 1.960494 |
| -1.027151 |
| 0.229721 |
| -1.029397 |
| -3.837013 |
| -2.824943 |
| 3.037763 |
| -2.259285 |
| -2.598900 |
| -0.433312 |
| -0.793353 |
| -1.979821 |
| 4.542521 |
| 0.245814 |
| 0.395210 |
| -2.771841 |
| -1.896262 |
| 1.948384 |
| 0.279173 |
2563.51
Network 8
| -7.654166 |
| -0.894808 |
| -4.703867 |
| 1.171435 |
| 2.674891 |
| 0.499249 |
| -1.122607 |
| -4.678260 |
| 3.749183 |
| 2.526257 |
| 2.565852 |
| 0.234321 |
| -4.117662 |
| -2.483171 |
| -0.706251 |
| -2.981330 |
| 2.022452 |
| -3.046840 |
| 0.800172 |
| 0.522948 |
26215
Network 9
| -3.401186 |
| 0.302399 |
| 2.414786 |
| -0.334431 |
| -0.410821 |
| -1.075579 |
| -1.758336 |
| -0.364439 |
| -2.993894 |
| -0.816615 |
| 0.248552 |
| 0.804505 |
| -2.078329 |
| 1.164519 |
| -1.963442 |
| -1.839677 |
| 2.505459 |
| -1.223132 |
| -2.363956 |
| -0.864002 |
| 2.156180 |
| -0.532115 |
| -1.091429 |
| -0.415801 |
| 1.446821 |
| 0.777981 |
| -1.771556 |
| 2.121973 |
| -2.070144 |
| 0.285381 |
570.533
---------------------------------------
---------------------------------------
---------------------------------------
---------------------------------------
Network 0
| -1.333326 |
2.16961e-05
Network 1
| 2.039456 |
| -1.504086 |
| 0.226002 |
| 1.010654 |
0.00480652
Network 2
| 1.813534 |
| -0.328030 |
| 1.857215 |
| 0.876512 |
| 1.364309 |
| -5.652182 |
12.62
Network 3
| -0.297318 |
0.000747681
Network 4
| 1.091831 |
| 0.378242 |
| 0.440839 |
| -0.503611 |
789.763
Network 5
| 0.678926 |
| -3.449283 |
| 5.343187 |
| 3.618271 |
| 1.356524 |
| -0.832552 |
| 7.225842 |
| -3.171453 |
| -0.453156 |
| 10.802720 |
| 5.858124 |
| -3.487468 |
| 1.370501 |
| -4.420850 |
| -3.793942 |
| -2.450062 |
| 2.082775 |
| 3.711782 |
| 7.424031 |
| 2.648614 |
| 4.657085 |
| -2.094849 |
| 4.308960 |
| 0.415651 |
| 4.533439 |
| 1.369355 |
| 2.461414 |
| -2.868853 |
| -3.838627 |
| 2.417903 |
| 7.682354 |
| 0.084947 |
| 6.780539 |
| -3.164771 |
| -1.502740 |
| -2.842498 |
| 1.375147 |
| 6.492726 |
| -2.367642 |
| 2.447107 |
| -1.885879 |
| -1.594754 |
| -0.424393 |
| 1.873943 |
| -0.469730 |
| 4.521657 |
| 2.315155 |
| -2.588895 |
| 1.982394 |
| -0.446329 |
| -1.086803 |
| 2.629265 |
| 0.400304 |
| 1.150637 |
| -0.229511 |
| 0.669061 |
| -6.306834 |
| 4.024111 |
| -3.733207 |
| 1.360137 |
| -1.198777 |
| 6.938985 |
| 2.175818 |
| -2.382633 |
| -0.311931 |
| -4.860782 |
| -2.482187 |
| -7.755914 |
| 4.638406 |
| 4.661922 |
| 2.582108 |
| -8.183132 |
| 5.683738 |
| -1.827264 |
| 3.155681 |
| -3.345489 |
| -2.537588 |
| 0.118512 |
| -1.789652 |
| 4.770308 |
| 1.810081 |
| -0.392066 |
| 0.147237 |
| 12.843403 |
| -4.220989 |
| -0.341111 |
| 5.594337 |
| -3.905954 |
| -1.983196 |
| 2.825283 |
| 1.672803 |
| 0.638516 |
| -3.879629 |
| 4.294652 |
| -4.961197 |
| 0.746880 |
| 1.141585 |
| 8.818432 |
| -4.735700 |
| 1.128243 |
1
Network 6
| -2.812615 |
| -4.606892 |
| -2.930643 |
| 0.436615 |
| 3.118827 |
| 0.521689 |
| -0.787598 |
| -4.732563 |
| -3.081929 |
| -0.537502 |
8
Network 7
| 1.567863 |
| 1.744455 |
| -0.618796 |
| -0.772388 |
| -0.415979 |
| -3.467847 |
| -1.667668 |
| 2.981207 |
| -2.522559 |
| -2.793174 |
| -0.327776 |
| -1.621718 |
| -1.520797 |
| 3.882949 |
| -0.411654 |
| 0.216802 |
| -2.039533 |
| -0.983390 |
| 1.062006 |
| 0.193224 |
2556.43
Network 8
| -2.572479 |
| -2.628778 |
| -9.586194 |
| 1.134766 |
| 1.629779 |
| -2.511348 |
| -0.367247 |
| -4.257369 |
| 4.199306 |
| 3.723425 |
| 3.354803 |
| 0.928122 |
| 0.134889 |
| -0.762000 |
| -8.601587 |
| -3.557699 |
| 2.808526 |
| -2.349059 |
| -0.964423 |
| -0.865666 |
20598.1
Network 9
| -3.245942 |
| 0.178605 |
| 0.638529 |
| 0.880114 |
| -1.290447 |
| -0.585604 |
| -1.007959 |
| 0.194173 |
| -0.760221 |
| -0.237016 |
| -1.189258 |
| 0.999022 |
| -3.179813 |
| 2.349091 |
| -2.435057 |
| -1.162502 |
| 1.674121 |
| -0.799922 |
| -2.336549 |
| -1.953014 |
| 2.905488 |
| -0.835423 |
| -0.782319 |
| -0.371457 |
| 2.222055 |
| 2.199235 |
| -1.436710 |
| 0.685493 |
| -2.399135 |
| 0.865670 |
1413.85
---------------------------------------
---------------------------------------
---------------------------------------
---------------------------------------
Network 0
| -1.333330 |
1.09673e-05
Network 1
| 2.003222 |
| -1.585578 |
| 0.035293 |
| 0.912746 |
0.00215149
Network 2
| 1.903640 |
| -0.144978 |
| 1.762223 |
| 1.414213 |
| 1.475307 |
| -4.746088 |
12.624
Network 3
| -0.297295 |
9.91821e-05
Network 4
| 1.092220 |
| 0.378505 |
| 0.441137 |
| -0.503728 |
789.853
Network 5
| -3.176171 |
| -0.459488 |
| -5.708546 |
| 1.392192 |
| 0.376487 |
| -0.545234 |
| 1.569491 |
| 0.820782 |
| 0.451511 |
| 0.186084 |
| 2.526517 |
| -3.505685 |
| 2.931324 |
| -6.082751 |
| -2.359606 |
| 2.309470 |
| -17.737234 |
| 1.212167 |
| -1.032396 |
| 1.756962 |
| 0.437680 |
| 0.121996 |
| -0.276322 |
| -1.016428 |
| 3.902815 |
| 8.437619 |
| -2.595898 |
| -0.662096 |
| -2.106072 |
| -2.256708 |
| 0.517788 |
| 4.788064 |
| -4.934967 |
| -1.692449 |
| 2.326256 |
| -1.438751 |
| 1.275616 |
| -1.056470 |
| -1.923502 |
| -1.652345 |
| -0.197820 |
| 3.482273 |
| 0.181956 |
| 1.585441 |
| -3.459620 |
| 0.497129 |
| 1.230851 |
| -2.044322 |
| 1.699614 |
| 4.457907 |
| -0.894180 |
| 10.688301 |
| -1.797205 |
| -2.604622 |
| 0.063879 |
| -6.054183 |
| -2.049674 |
| 3.579149 |
| -0.999257 |
| 5.077741 |
| 0.597366 |
| 0.678533 |
| -0.176034 |
| 2.008744 |
| -0.270291 |
| -0.719038 |
| 2.794838 |
| 3.578302 |
| 2.941574 |
| -2.326571 |
| -4.455650 |
| -1.562202 |
| 1.458156 |
| -1.363645 |
| 0.384036 |
| 1.166674 |
| 0.461552 |
| -2.640989 |
| 0.030183 |
| 8.788814 |
| -6.314894 |
| 2.619740 |
| -2.563228 |
| 1.951005 |
| -0.702635 |
| -5.076361 |
| 1.550171 |
| -3.214677 |
| -3.318794 |
| 1.822311 |
| 1.372816 |
| 2.554220 |
| -3.880175 |
| 2.120782 |
| -0.487633 |
| 5.221582 |
| 3.857386 |
| -0.163782 |
| -2.228819 |
| -1.474240 |
1
Network 6
| -3.992192 |
| -4.929969 |
| -2.631310 |
| 0.251376 |
| 2.486573 |
| 1.740656 |
| -0.147473 |
| -3.507892 |
| -1.714649 |
| 1.476359 |
8
Network 7
| 1.300644 |
| 0.607348 |
| -0.737757 |
| -0.054913 |
| -0.504431 |
| -3.827152 |
| -3.277398 |
| 2.606667 |
| -2.242109 |
| -2.901781 |
| -0.221222 |
| -1.908315 |
| -1.704560 |
| 4.225552 |
| -0.387463 |
| 0.525081 |
| -1.357531 |
| -0.896341 |
| 2.185113 |
| 0.403352 |
2985.52
Network 8
| -1.371547 |
| -1.771185 |
| -1.952167 |
| 1.903621 |
| 0.826502 |
| -0.688209 |
| -0.999629 |
| -2.861239 |
| 6.807247 |
| 3.308089 |
| 3.938452 |
| 2.385430 |
| 1.289707 |
| -1.082563 |
| -2.467044 |
| -1.069671 |
| 1.193838 |
| -0.271883 |
| 3.167983 |
| 0.059707 |
20672.2
Network 9
| -4.432182 |
| 0.030322 |
| -0.486590 |
| 1.765857 |
| -0.515156 |
| 0.149803 |
| -0.438021 |
| -1.835390 |
| -0.017589 |
| -0.369401 |
| -1.461271 |
| 0.750786 |
| -3.782942 |
| 1.132202 |
| -2.152385 |
| -0.273381 |
| 0.885065 |
| -0.890170 |
| -1.918814 |
| -2.339570 |
| 3.835179 |
| -1.209569 |
| 0.246011 |
| -0.118980 |
| 3.225376 |
| 1.274462 |
| -2.256314 |
| 0.850619 |
| -2.716027 |
| 1.291357 |
3048.95
---------------------------------------
---------------------------------------
---------------------------------------
---------------------------------------
Network 2
| 1.777358 |
| -1.262317 |
| 0.266116 |
| 2.317929 |
| -1.241798 |
| -9.574414 |
12.6165
---------------------------------------
---------------------------------------
---------------------------------------
---------------------------------------
Network 2
| -1.542923 |
| -0.697327 |
| 5.111813 |
| 2.387332 |
| -0.087510 |
| -0.420284 |
7.3532
---------------------------------------
---------------------------------------
---------------------------------------
---------------------------------------
Network 2
| 2.111311 |
| 0.906190 |
| 4.716074 |
| 0.092657 |
| 1.172984 |
| -8.252088 |
12.6154
---------------------------------------
---------------------------------------
---------------------------------------
---------------------------------------
Network 0
| -1.333345 |
3.48091e-05
Network 1
| 4.950254 |
| -3.768238 |
| -2.825778 |
| 3.136390 |
0.000183105
Network 2
| 2.593977 |
| 0.012589 |
| 1.426397 |
| 1.554225 |
| 0.805765 |
| -7.711249 |
12.6188
Network 3
| -0.297312 |
0.000526428
Network 4
| 1.094712 |
| 0.376462 |
| 0.442703 |
| -0.505492 |
789.122
Network 5
| 1.728903 |
| 2.677260 |
| 5.753332 |
| 9.200117 |
| -3.114640 |
| -0.618230 |
| 2.436003 |
| -5.710382 |
| 11.948611 |
| 4.408642 |
| 10.308562 |
| -9.863286 |
| 3.002657 |
| 2.789970 |
| -1.059491 |
| 2.677948 |
| 0.195060 |
| 0.767494 |
| -5.831479 |
| -12.265753 |
| 2.246978 |
| -0.934449 |
| -4.079654 |
| -10.277184 |
| 4.507497 |
| -4.054162 |
| 11.702008 |
| 1.951219 |
| 2.867290 |
| -0.235520 |
| 0.777622 |
| 4.026526 |
| 2.632216 |
| -6.274444 |
| -5.321765 |
| -6.439087 |
| -2.242141 |
| -2.398943 |
| -9.347025 |
| 0.752258 |
| -0.593968 |
| 1.437084 |
| 2.122965 |
| 3.287139 |
| -0.211619 |
| -4.242702 |
| 2.035429 |
| 4.676576 |
| -1.977860 |
| 0.948617 |
| 0.899314 |
| 5.631614 |
| 6.067267 |
| 2.924688 |
| 1.712986 |
| -2.023950 |
| 0.660203 |
| 6.695751 |
| -3.613689 |
| 0.902041 |
| 8.494709 |
| 4.119980 |
| -1.157593 |
| -3.986158 |
| 2.282322 |
| 15.352760 |
| -6.600087 |
| 7.846518 |
| 2.362380 |
| -8.282165 |
| -2.839376 |
| 3.737892 |
| -5.364607 |
| 2.608920 |
| 4.568316 |
| -4.695533 |
| 1.374984 |
| 0.438741 |
| -0.230075 |
| 8.215171 |
| -4.343999 |
| -8.126154 |
| -4.390030 |
| 3.963822 |
| -1.538497 |
| -3.556063 |
| -0.026980 |
| -8.208819 |
| -5.130893 |
| -3.066880 |
| 0.501269 |
| 9.972754 |
| 0.621932 |
| 2.281007 |
| 10.078780 |
| -0.578871 |
| 7.613447 |
| 4.816634 |
| -2.609333 |
| -4.821486 |
1
Network 6
| -6.654851 |
| -5.032376 |
| -0.788509 |
| 0.891871 |
| 2.660433 |
| 1.567423 |
| 6.962839 |
| -5.185168 |
| -5.708069 |
| 3.204623 |
8
Network 7
| 2.561439 |
| 0.046821 |
| -1.240788 |
| 2.342676 |
| 2.047273 |
| -7.004643 |
| -5.521242 |
| 3.295215 |
| -4.504900 |
| -2.382575 |
| -0.415753 |
| -2.119734 |
| -3.202717 |
| 6.177544 |
| 0.027306 |
| -0.399247 |
| 0.172194 |
| 0.445169 |
| 1.523880 |
| -0.756692 |
2515.52
Network 8
| -3.547400 |
| -1.904580 |
| -8.247807 |
| 9.772321 |
| 2.148774 |
| 0.449633 |
| -2.724286 |
| -10.171728 |
| 5.194157 |
| 5.438178 |
| 4.403996 |
| 5.058811 |
| -1.521355 |
| -1.372240 |
| -2.713580 |
| -6.240090 |
| -1.879023 |
| -5.264723 |
| 1.682330 |
| 2.937613 |
26215
Network 9
| -3.727730 |
| -0.906145 |
| 3.070496 |
| 0.210240 |
| -0.642600 |
| -1.372820 |
| -1.816848 |
| -0.167151 |
| -1.900429 |
| -2.349327 |
| -0.836755 |
| 1.252724 |
| -4.182679 |
| 1.327950 |
| -2.856731 |
| -1.577199 |
| 1.473068 |
| 0.276036 |
| -3.527985 |
| -0.647026 |
| 2.596982 |
| 0.313964 |
| 0.973002 |
| 1.521169 |
| 1.202703 |
| 2.969981 |
| -3.101927 |
| 0.816669 |
| -1.035344 |
| 2.131012 |
312.597
---------------------------------------
---------------------------------------
---------------------------------------
---------------------------------------

Network 0
| -1.333332 |
4.52995e-06
Network 1
| 199.061035 |
| -123.299881 |
| -221.741501 |
| 178.905060 |
0
Network 2
| 402.378326 |
| -207.145630 |
| -677.452087 |
| -133.596802 |
| 260.481628 |
| -758.196838 |
12.6002
Network 3
| 1.333333 |
0.000164032
Network 4
| 0.979816 |
| 1.856050 |
| -0.775840 |
| -0.848685 |
1301.35
Network 5
| 632.318726 |
| 274.231506 |
| -482.016174 |
| -756.065369 |
| 804.157410 |
| 146.423477 |
| -185.002487 |
| -790.736755 |
| 627.932373 |
| 346.193481 |
| 511.714386 |
| -500.051758 |
| 380.450043 |
| -558.345215 |
| -584.173157 |
| 756.304260 |
| 961.210083 |
| 873.370483 |
| 499.086273 |
| -347.487000 |
| -906.897583 |
| -134.307831 |
| -209.696136 |
| -427.936737 |
| -302.855499 |
| -253.532730 |
| 487.952362 |
| -925.993286 |
| -659.397217 |
| -760.358276 |
| -787.176208 |
| -128.744278 |
| -624.656921 |
| 264.425049 |
| -708.509949 |
| 897.382324 |
| -944.435730 |
| -991.798096 |
| -765.296204 |
| -716.817810 |
| 145.595261 |
| 144.180649 |
| 703.521667 |
| 727.190186 |
| 618.698303 |
| -615.626099 |
| -653.039185 |
| 928.635376 |
| 105.707588 |
| 924.648254 |
| -301.323303 |
| -315.885559 |
| 434.910156 |
| 780.392822 |
| 811.761963 |
| -377.676147 |
| 710.536011 |
| -887.849060 |
| 136.259918 |
| -398.914154 |
| 563.514587 |
| -747.920410 |
| 88.555206 |
| 154.588348 |
| -571.526794 |
| 169.278778 |
| -575.069092 |
| 874.427368 |
| 394.808289 |
| 432.166107 |
| -902.477539 |
| 49.301273 |
| -94.262283 |
| 330.607635 |
| 760.219910 |
| -261.315521 |
| -935.976013 |
| -298.006561 |
| 901.175659 |
| 425.758636 |
| -669.642395 |
| -1003.540588 |
| 359.641724 |
| 843.996826 |
| -398.940277 |
| 488.491180 |
| 746.175659 |
| -804.745056 |
| 579.646667 |
| -849.032654 |
| -16.565027 |
| -825.292480 |
| -294.779144 |
| 700.911621 |
| 422.175659 |
| 499.954620 |
| 348.525116 |
| -119.518967 |
| 877.068604 |
| 714.418579 |
0
Network 6
| -93.838837 |
| -531.915405 |
| 208.008987 |
| -68.096024 |
| 197.193497 |
| -106.444527 |
| 160.196045 |
| -730.142395 |
| -556.679749 |
| -127.278816 |
2.75
Network 7
| -152.584518 |
| 218.484497 |
| -42.200031 |
| -58.432713 |
| -11.150950 |
| -379.340607 |
| -599.699341 |
| 66.002510 |
| -80.623436 |
| 60.626179 |
| 192.764511 |
| -161.190460 |
| -3.698709 |
| 947.649475 |
| 576.080078 |
| -24.572676 |
| -172.740433 |
| 745.862122 |
| 429.905121 |
| -324.589905 |
3120.75
Network 8
| -568.531982 |
| -719.613770 |
| -271.231384 |
| -537.330994 |
| 591.016296 |
| 768.804321 |
| -610.377808 |
| -2.299660 |
| 714.154907 |
| 960.564331 |
| 785.967346 |
| 314.505554 |
| -815.777649 |
| -889.730103 |
| 79.698677 |
| 47.924549 |
| -526.617981 |
| -860.275330 |
| -856.042297 |
| -710.041321 |
26215
Network 9
| -878.760437 |
| -185.245224 |
| -4.625645 |
| -34.777718 |
| 587.233459 |
| 151.995987 |
| -437.135376 |
| 402.129974 |
| -263.409546 |
| -14.472140 |
| -503.904205 |
| 283.172272 |
| -386.868408 |
| 412.637177 |
| -398.871796 |
| -317.571564 |
| 363.096008 |
| -85.828545 |
| 446.726410 |
| -361.198364 |
| 339.860992 |
| -356.985596 |
| 182.318405 |
| 289.738098 |
| 385.065796 |
| -69.200470 |
| 213.528412 |
| 19.877224 |
| -386.909180 |
| -106.797798 |
1131.62
---------------------------------------
---------------------------------------
---------------------------------------
---------------------------------------
Network 2
| 361.422577 |
| -212.151306 |
| 160.119690 |
| 239.100372 |
| 499.002594 |
| -140.220825 |
9
Network 4
| 1.115568 |
| 0.366798 |
| 0.453188 |
| -0.518978 |
791.826
Network 6
| -131.231247 |
| 319.585907 |
| 460.636292 |
| -788.894653 |
| 663.386841 |
| -505.987732 |
| 839.578552 |
| -759.134033 |
| 105.826935 |
| -111.434303 |
7.20117
Network 7
| -866.793640 |
| 709.877136 |
| 66.579552 |
| 177.944946 |
| 413.513641 |
| -1001.949768 |
| 108.785095 |
| 840.824951 |
| -961.971497 |
| 496.480743 |
| 678.268433 |
| -309.588715 |
| 288.857086 |
| -302.728424 |
| -306.746613 |
| -429.853607 |
| -807.617615 |
| 407.755676 |
| -729.679626 |
| 954.014404 |
187
Network 9
| 163.417618 |
| -196.694229 |
| 740.371643 |
| 393.998413 |
| 20.759464 |
| 7.334908 |
| -91.470650 |
| 292.767029 |
| 193.247406 |
| -872.629456 |
| -381.637665 |
| -184.241867 |
| -955.466675 |
| 802.801147 |
| -10.360426 |
| 605.808472 |
| 107.607681 |
| -840.644348 |
| 682.862366 |
| 123.099632 |
| 889.439880 |
| -491.980591 |
| -377.095978 |
| 298.487549 |
| -584.488403 |
| -135.815109 |
| -3.564644 |
| 865.047913 |
| -489.568939 |
| 157.979950 |
2.84591e+06
---------------------------------------
---------------------------------------
---------------------------------------
---------------------------------------
Network 2
| 756.339111 |
| -909.564331 |
| -862.942322 |
| -386.561829 |
| 483.759888 |
| -998.425049 |
15
Network 4
| 0.381675 |
| -0.625174 |
| -0.019570 |
| 0.606371 |
2355.57
Network 6
| -97.616875 |
| 170.447052 |
| -135.357422 |
| 238.956573 |
| 343.581635 |
| 314.749969 |
| 401.597870 |
| 82.344727 |
| -346.968475 |
| 228.289459 |
3.96289
Network 7
| 690.235046 |
| 887.161438 |
| -69.055237 |
| -269.780792 |
| 178.988342 |
| 161.486816 |
| -33.638458 |
| 941.991821 |
| -644.020508 |
| -630.085815 |
| 509.684967 |
| -886.979126 |
| -8.461945 |
| 461.251251 |
| -846.686218 |
| 651.436707 |
| -119.206985 |
| -522.842712 |
| 421.989288 |
| 319.019257 |
1.1613e+06
Network 9
| 63.057095 |
| -208.173538 |
| 276.103485 |
| 712.752808 |
| 282.433624 |
| -258.739075 |
| 351.429443 |
| -573.288940 |
| 334.280212 |
| -450.680756 |
| 296.683838 |
| -192.727798 |
| -1179.706177 |
| -553.825623 |
| 60.174831 |
| -480.460754 |
| 121.564995 |
| -600.052063 |
| 76.083008 |
| -188.526581 |
| -252.193619 |
| 253.627151 |
| 638.994446 |
| -446.482452 |
| -735.323547 |
| -732.318726 |
| -408.272339 |
| 760.710266 |
| -263.356079 |
| 464.727997 |
2.92566e+07
---------------------------------------
---------------------------------------
---------------------------------------
---------------------------------------
Network 2
| 880.629333 |
| 263.480316 |
| 845.534302 |
| -174.318558 |
| 504.751404 |
| -919.155945 |
15
Network 4
| 1.089484 |
| 0.378534 |
| 0.440585 |
| -0.500663 |
792.074
Network 6
| -271.740265 |
| -291.602905 |
| 140.143860 |
| -17.714582 |
| 506.766205 |
| -347.182465 |
| 320.060944 |
| 219.467209 |
| 19.535723 |
| -371.268219 |
2.75
Network 2
| 1089.102417 |
| 445.892151 |
| 379.912628 |
| 461.000214 |
| 633.390442 |
| -207.761505 |
9
Network 4
| 1.109758 |
| 0.371860 |
| 0.448355 |
| -0.515234 |
792.096
Network 6
| 225.476822 |
| -685.817871 |
| -199.779572 |
| 268.959686 |
| 66.072647 |
| 663.379028 |
| 801.264954 |
| -926.407043 |
| -576.898743 |
| 81.482147 |
7.20117
Network 7
| -182.524750 |
| 496.746735 |
| -217.810287 |
| -114.246880 |
| -491.604034 |
| -178.773788 |
| 531.968872 |
| -134.918869 |
| -81.150536 |
| -341.802216 |
| -162.594589 |
| 403.864716 |
| -215.599594 |
| 335.669159 |
| -52.331764 |
| 625.165466 |
| 373.424255 |
| -381.046173 |
| 315.784760 |
| 54.048889 |
763983
Network 9
| -1047.667603 |
| 104.103172 |
| 764.136414 |
| 58.872715 |
| 99.284332 |
| -20.774378 |
| 306.146088 |
| 43.473156 |
| 368.961487 |
| -1171.363770 |
| -644.028992 |
| -711.122742 |
| -1241.186279 |
| -415.136841 |
| -231.201630 |
| -166.878555 |
| 773.129517 |
| -935.762878 |
| 246.396317 |
| 433.294006 |
| 178.519348 |
| 531.423218 |
| 398.399048 |
| -239.478989 |
| 719.326233 |
| 494.127319 |
| -538.062012 |
| 486.278992 |
| 123.338417 |
| 211.164719 |
468.5
---------------------------------------
---------------------------------------
---------------------------------------
---------------------------------------
Network 2
| 805.568420 |
| 111.030716 |
| -559.829102 |
| 622.163879 |
| 486.231628 |
| -385.060577 |
9
Network 4
| 1.206004 |
| 0.342602 |
| 0.504555 |
| -0.595084 |
838.73
Network 6
| -831.258362 |
| -1026.772583 |
| -71.176514 |
| 340.741852 |
| 138.826218 |
| 319.805115 |
| 888.145264 |
| -748.998779 |
| -550.210205 |
| 398.822296 |
8
Network 7
| -578.287048 |
| 896.887695 |
| -16.351620 |
| -58.010601 |
| -91.262939 |
| 695.611145 |
| 723.926270 |
| 528.388000 |
| 326.317627 |
| -382.984375 |
| 448.736450 |
| -933.513489 |
| -108.358192 |
| 723.824036 |
| -1091.462280 |
| 473.010864 |
| -921.314392 |
| 940.754700 |
| 461.069153 |
| 152.406586 |
1.53428e+06
Network 9
| -571.905884 |
| -12.434340 |
| -346.639648 |
| 758.031250 |
| 154.164352 |
| -794.752014 |
| -752.610779 |
| -798.188171 |
| 955.728699 |
| -178.224869 |
| -493.386200 |
| 206.308716 |
| 103.001419 |
| -198.829803 |
| -74.790009 |
| 955.583679 |
| -282.979340 |
| -387.675110 |
| 230.455795 |
| 335.620483 |
| 161.833755 |
| 369.251373 |
| -334.887024 |
| 724.035217 |
| -154.183319 |
| -452.989441 |
| 24.530458 |
| 1025.231689 |
| -706.129761 |
| 242.924362 |
9404
---------------------------------------
---------------------------------------
---------------------------------------
---------------------------------------
Network 2
Network 2
| 0.000094 |
Network 2
Network 2
| 1640.043213 |
| -4884.875977 |
| -8599.768555 |
| 5065.625977 |
| -4449.925293 |
| -8460.971680 |
15
Network 2
| 867.427979 |
| 427.411926 |
| 2685.049561 |
| -1919.217285 |
| -557.359314 |
| -2458.845703 |
15
Network 4
| 881.832642 |
| 791.742004 |
| -961.668701 |
| -530.442017 |
2.93584e+06
---------------------------------------
---------------------------------------
---------------------------------------
---------------------------------------
Network 2
| -41857.968750 |
| 1907.975586 |
| 4046.739258 |
| 69123.773438 |
| -95952.718750 |
| 35003.531250 |
95425.8
Network 2
| -832.085571 |
| -793.218445 |
| -740.601929 |
| -97.704590 |
| 317.781158 |
| 545.625610 |
1028.26
Network 2
| 18.740772 |
| -14.329141 |
| -40.131096 |
| 13.414623 |
| 23.033035 |
| 1.483632 |
0.213522
Network 2
| 15.716178 |
| -66.281372 |
| -61.381760 |
| 42.554928 |
| 24.673670 |
| -34.924522 |
0.304146
Network 4
| 1.179722 |
| 0.333698 |
| 0.488989 |
| -0.573051 |
816.725
---------------------------------------
---------------------------------------
---------------------------------------
---------------------------------------
Network 2
| -16.257277 |
| -28.513668 |
| -43.769142 |
| 51.568775 |
| -63.660881 |
| -32.788425 |
0.708946
Network 4
| 1.128204 |
| 0.375450 |
| 0.457783 |
| -0.527104 |
807.558
---------------------------------------
---------------------------------------
---------------------------------------
---------------------------------------
Network 2
| -76.060234 |
| 82.995682 |
| 35.036594 |
| 16.609394 |
| 52.877579 |
| 90.827293 |
0.0942383
Network 4
| 1.108256 |
| 0.354257 |
| 0.448078 |
| -0.525617 |
806.691
---------------------------------------
---------------------------------------
---------------------------------------
---------------------------------------
Network 2
| 5.285495 |
| -0.872224 |
| 74.118240 |
| 13.265530 |
| 32.475060 |
| -20.222298 |
0.156494
Network 2
| 0.547777 |
| -0.703055 |
| 3.605975 |
| 2.348979 |
| 2.092990 |
| -1.008545 |
0.22167
Network 2
| 0.448622 |
| -0.336320 |
| 0.519004 |
| 0.059389 |
| 1.095309 |
| -0.911814 |
12.6
Network 2
| 1.372662 |
| 0.874111 |
| 1.408551 |
| 2.273202 |
| 3.523850 |
| 0.494217 |
0.244982
Network 4
| 1.126500 |
| 0.334605 |
| 0.477920 |
| -0.539445 |
839.691
---------------------------------------
---------------------------------------
---------------------------------------
---------------------------------------
Network 4
| 1.011811 |
| 0.442091 |
| 0.357738 |
| -0.461013 |
825.226
---------------------------------------
---------------------------------------
---------------------------------------
---------------------------------------
Network 4
| 1.165868 |
| 0.279854 |
| 0.485305 |
| -0.589800 |
852.753
---------------------------------------
---------------------------------------
---------------------------------------
---------------------------------------
Network 4
| 1.309000 |
| 0.315439 |
| 0.531022 |
| -0.635273 |
884.742
Network 4
| 1.017053 |
| 0.373236 |
| 0.427200 |
| -0.460152 |
876.461
Network 4
| 1.034017 |
| 0.346013 |
| 0.357862 |
| -0.473468 |
894.472
Network 4
| 1.175141 |
| 0.292059 |
| 0.489583 |
| -0.588061 |
843.846
Network 4
| 1.027800 |
| 0.423550 |
| 0.422802 |
| -0.519394 |
921.043
Network 4
| 1.095254 |
| 0.389638 |
| 0.435097 |
| -0.472189 |
868.822
Network 4
| 1.080147 |
| 0.383003 |
| 0.423714 |
| -0.502593 |
804.128
Network 4
| 1.105197 |
| 0.371876 |
| 0.437492 |
| -0.519669 |
806.758
Network 4
| 1.094830 |
| 0.374908 |
| 0.439451 |
| -0.508498 |
794.983
Network 4
| 1.110796 |
| 0.370022 |
| 0.439069 |
| -0.522780 |
806.242
Network 4
| 1.079840 |
| 0.382490 |
| 0.428033 |
| -0.500660 |
800.126
Network 4
| 1.072532 |
| 0.393762 |
| 0.416631 |
| -0.491802 |
801.698
Network 4
| 1.091966 |
| 0.379061 |
| 0.432246 |
| -0.507546 |
798.911
Network 4
| 1.083710 |
| 0.384903 |
| 0.425321 |
| -0.504068 |
804.144
Network 4
| 1.086462 |
| 0.380889 |
| 0.427848 |
| -0.504371 |
799.45
Network 4
| 1.092595 |
| 0.382596 |
| 0.429040 |
| -0.509156 |
803.858
---------------------------------------
---------------------------------------
---------------------------------------
---------------------------------------
Network 4
| 1.089116 |
| 0.379670 |
| 0.439642 |
| -0.501736 |
790.645
Network 4
| 1.094170 |
| 0.377090 |
| 0.441882 |
| -0.505438 |
789.765
Network 4
| 1.093801 |
| 0.377336 |
| 0.441517 |
| -0.505184 |
789.777
Network 4
| 1.094516 |
| 0.376805 |
| 0.442466 |
| -0.505953 |
790.318
Network 4
| 1.092782 |
| 0.377255 |
| 0.441179 |
| -0.504581 |
790.158
Network 4
| 1.093030 |
| 0.377210 |
| 0.441392 |
| -0.504788 |
790.046
Network 4
| 1.092945 |
| 0.377612 |
| 0.440961 |
| -0.504310 |
789.721
Network 4
| 1.088951 |
| 0.379494 |
| 0.439302 |
| -0.502042 |
790.722
Network 4
| 1.096720 |
| 0.375323 |
| 0.444040 |
| -0.506628 |
788.497
Network 4
| 1.097013 |
| 0.375129 |
| 0.444240 |
| -0.506818 |
788.438
Network 4
| 1.092581 |
| 0.378007 |
| 0.441194 |
| -0.504070 |
789.591
Network 4
| 1.091504 |
| 0.378389 |
| 0.440423 |
| -0.503399 |
789.924
Network 4
| 1.093487 |
| 0.377631 |
| 0.441585 |
| -0.504656 |
789.337
Network 4
| 1.092502 |
| 0.377609 |
| 0.441109 |
| -0.504251 |
789.945
Network 2
| 3.131354 |
| -0.833709 |
| 3.984744 |
| 0.678765 |
| 2.421826 |
| -11.484566 |
12.6295
Network 2
| 4.116908 |
| -0.225204 |
| 4.231648 |
| -0.716425 |
| 3.683340 |
| -12.835487 |
12.6329
Network 2
| 3.349349 |
| -1.712888 |
| 2.901303 |
| -0.105222 |
| 3.313190 |
| -11.924183 |
12.6268
Network 2
| 3.860953 |
| -0.027709 |
| 3.569050 |
| -0.252168 |
| 2.891855 |
| -12.001248 |
12.6301
Network 2
| 3.562021 |
| -0.427591 |
| 1.903275 |
| 0.460251 |
| 2.319645 |
| -10.520164 |
12.6349
Network 2
| 2.708090 |
| -0.399507 |
| 4.253545 |
| 0.599534 |
| 1.745886 |
| -10.834827 |
12.6285
Network 2
| 3.447967 |
| -1.029420 |
| 1.046019 |
| 0.401817 |
| 1.832230 |
| -11.501966 |
12.627
Network 2
| 3.355315 |
| -0.112743 |
| 2.898322 |
| -0.188988 |
| 1.961456 |
| -11.528755 |
12.6284
Network 2
| 3.461176 |
| -1.280293 |
| 0.632242 |
| 0.245796 |
| 2.837565 |
| -9.781619 |
12.6264
Network 2
| 4.626224 |
| 0.517501 |
| 2.151330 |
| 2.111419 |
| 2.313061 |
| -10.965877 |
12.6281
---------------------------------------
---------------------------------------
---------------------------------------
---------------------------------------
Network 2
| 3.076093 |
| -0.523993 |
| 4.324607 |
| -0.761474 |
| 3.637967 |
| -10.018892 |
12.6334
Network 2
| 3.001473 |
| 0.643222 |
| 5.626498 |
| 2.041658 |
| 1.728268 |
| -9.741881 |
12.6308
Network 2
| 3.378025 |
| 0.925386 |
| 4.455214 |
| 1.116055 |
| 2.158308 |
| -9.389582 |
12.6317
Network 2
| 3.565037 |
| -0.072335 |
| 3.118322 |
| 2.369357 |
| 1.951626 |
| -9.863092 |
12.6295
Network 2
| 12.935460 |
| -1.825834 |
| 10.399980 |
| 4.439435 |
| 6.255044 |
| -25.188217 |
15
Network 2
| 3.285001 |
| -0.648762 |
| 2.585340 |
| 1.281651 |
| 2.093189 |
| -10.307779 |
12.6274
Network 2
| 1.430167 |
| -1.227719 |
| 2.980711 |
| -1.489554 |
| 2.285847 |
| -7.758151 |
12.6087
Network 2
| 2.570534 |
| -2.593346 |
| 0.161989 |
| -0.312880 |
| 1.998706 |
| -11.056467 |
12.6273
Network 2
| 2.642559 |
| -0.859128 |
| 4.412960 |
| -0.080194 |
| 2.851207 |
| -10.156662 |
12.6077
Network 2
| 3.763669 |
| -1.489115 |
| -0.433196 |
| 3.382390 |
| 2.396267 |
| -7.940485 |
12.6148
Network 2
| 0.122409 |
| -1.856558 |
| 4.584507 |
| -1.109447 |
| 1.296321 |
| -7.641679 |
12.6071
Network 2
| 7.456016 |
| 47.855587 |
| 89.580154 |
| 9.275319 |
| -21.244186 |
| 3.114211 |
10.8996
Network 2
| -1.627305 |
| -33.585190 |
| -19.336235 |
| -2.635272 |
| 15.156305 |
| -14.639076 |
13.933
Network 2
| 34.933792 |
| 39.624622 |
| 28.039902 |
| 50.757530 |
| -7.532094 |
| 56.444214 |
11.931
Network 2
| -7.112584 |
| -43.594921 |
| 66.053337 |
| 21.575666 |
| 36.379101 |
| -34.474136 |
8.14488
Network 2
| 23.025938 |
| 52.042854 |
| 74.138000 |
| 31.026960 |
| -17.051176 |
| 31.029259 |
11.3967
Network 2
| 47.325352 |
| 21.035252 |
| -27.713921 |
| 65.110809 |
| 9.710193 |
| 80.190376 |
25.8323
Network 2
| -32.074047 |
| -39.227947 |
| -45.460197 |
| 42.650410 |
| -62.974026 |
| -20.989107 |
140.196
Network 2
| 24.037725 |
| -15.992198 |
| -35.635483 |
| 16.447145 |
| 26.758997 |
| -1.903744 |
9.5219
Network 2
| -34.721039 |
| 47.806522 |
| 58.431705 |
| 28.879669 |
| 83.908653 |
| 35.718967 |
161.775
Network 2
| -70.198708 |
| -58.122742 |
| 33.833916 |
| 21.627108 |
| -21.315838 |
| 31.997175 |
347.522
---------------------------------------
---------------------------------------
---------------------------------------
---------------------------------------
Network 2
| 15.334875 |
| -29.118620 |
| -70.524681 |
| 13.396702 |
| 26.233276 |
| 8.926842 |
6.4783
Network 2
| 67.137726 |
| -38.513943 |
| -75.173615 |
| -16.975191 |
| 39.495293 |
| -48.233593 |
15
Network 2
| 23.361485 |
| 2.300908 |
| 6.173458 |
| 26.088249 |
| -23.044125 |
| -45.004604 |
15
Network 2
| 22.441425 |
| 9.408180 |
| 13.076870 |
| -55.091724 |
| 13.191261 |
| -101.914688 |
12.6
Network 2
| 42.179802 |
| -36.984959 |
| 52.776062 |
| 38.519768 |
| 78.679939 |
| -31.357464 |
9.00098
Network 2
| 77.972649 |
| -9.668935 |
| 57.773792 |
| -0.838106 |
| 57.959721 |
| -63.687794 |
15
Network 2
| 12.770654 |
| 33.938648 |
| 4.313603 |
| 77.856232 |
| -31.692259 |
| 112.431992 |
5.32703
Network 2
| -0.345415 |
| -62.162357 |
| -55.072063 |
| -19.031647 |
| 12.183290 |
| -39.314384 |
15
Network 2
| 52.268108 |
| 30.348152 |
| 14.508449 |
| 39.074116 |
| 11.428022 |
| 18.690693 |
5.36334
Network 2
| -63.501144 |
| -75.329132 |
| 39.586208 |
| 1.744253 |
| 53.055031 |
| 12.283390 |
62.3325
---------------------------------------
---------------------------------------
---------------------------------------
---------------------------------------
Network 2
| 1.598675 |
| -1.894756 |
| 1.513218 |
| 0.427322 |
| 1.803408 |
| -7.258801 |
12.6309
Network 2
| 2.941180 |
| 0.181191 |
| 3.573211 |
| 0.346643 |
| 2.935313 |
| -7.685215 |
12.6148
Network 2
| 3.784948 |
| 0.129162 |
| 2.718601 |
| 0.680359 |
| 3.080665 |
| -9.262714 |
12.6191
Network 2
| 2.921228 |
| 1.881308 |
| 4.780335 |
| 1.230762 |
| 2.052121 |
| -6.305130 |
12.6113
Network 2
| 3.584283 |
| -2.020926 |
| 0.485484 |
| 4.681789 |
| 2.291615 |
| -8.205574 |
12.6104
Network 2
| 2.722332 |
| -1.205126 |
| 0.052164 |
| 1.769084 |
| 2.312008 |
| -5.993261 |
12.6253
Network 2
| 2.251101 |
| 0.392532 |
| 2.832372 |
| -0.220438 |
| 0.747013 |
| -9.051022 |
12.6093
Network 2
| 3.307312 |
| -0.858599 |
| 1.931156 |
| 2.495166 |
| 2.319471 |
| -8.487455 |
12.6143
Network 2
| 3.330968 |
| 1.301353 |
| 3.881318 |
| 1.702382 |
| 2.937304 |
| -5.757475 |
12.6152
Network 2
| 2.572257 |
| -0.588182 |
| 4.300376 |
| 0.978979 |
| 1.941200 |
| -10.015891 |
12.6142
---------------------------------------
---------------------------------------
---------------------------------------
---------------------------------------
Network 2
| 4.092265 |
| -0.264939 |
| -0.885643 |
| 1.341739 |
| 1.993174 |
| -9.036810 |
12.6136
Network 2
| 1.541031 |
| 0.362777 |
| 2.254185 |
| 0.331653 |
| 1.369904 |
| -4.243806 |
12.6418
Network 2
| 3.226673 |
| -1.165565 |
| 0.398815 |
| 3.483048 |
| 2.915394 |
| -5.105887 |
12.6215
Network 2
| 2.525084 |
| -0.528411 |
| 2.915368 |
| 3.523375 |
| 1.371664 |
| -6.939402 |
12.6233
Network 2
| 2.939268 |
| 1.308687 |
| 4.395223 |
| 3.106124 |
| 0.887638 |
| -7.581299 |
12.6155
Network 2
| 4.207870 |
| 0.770888 |
| 4.204226 |
| 3.383935 |
| 2.755095 |
| -8.893774 |
12.6126
Network 2
| 3.396893 |
| 0.550166 |
| 6.171816 |
| 2.844076 |
| 4.205979 |
| -6.101739 |
12.617
Network 2
| 2.734241 |
| 0.108524 |
| 4.374393 |
| 1.228724 |
| 2.120240 |
| -8.656653 |
12.608
Network 2
| 2.983043 |
| 1.014359 |
| 3.095552 |
| 2.697196 |
| 2.034670 |
| -5.139041 |
12.6115
Network 2
| 3.184042 |
| -1.504525 |
| 1.039264 |
| 3.971982 |
| 2.166803 |
| -7.283523 |
12.6201
---------------------------------------
---------------------------------------
---------------------------------------
---------------------------------------
Network 2
| 11.746590 |
| -2.665714 |
| 9.234350 |
| 5.670730 |
| -2.968649 |
| -26.734579 |
15
Network 2
| 10.717225 |
| -2.209796 |
| 12.899530 |
| 1.768179 |
| 5.205727 |
| -18.776421 |
15
Network 2
| 10.351551 |
| -2.694844 |
| 6.572806 |
| -0.401216 |
| 3.484135 |
| -19.961956 |
15
Network 2
| 6.704379 |
| -5.696967 |
| 2.722106 |
| 6.831320 |
| 6.198689 |
| -18.749060 |
12.6217
Network 2
| 12.082931 |
| -8.702505 |
| 3.393328 |
| 9.971131 |
| 1.213778 |
| -28.631542 |
15
Network 2
| 10.099281 |
| -3.803334 |
| 7.435962 |
| 5.424653 |
| 3.388802 |
| -17.722656 |
15
Network 2
| -1.993897 |
| -7.211225 |
| 10.215806 |
| 7.600846 |
| -2.315729 |
| -15.086299 |
12.6236
Network 2
| 6.773192 |
| 0.301063 |
| 6.430542 |
| 2.919107 |
| 4.359832 |
| -18.295092 |
12.6044
Network 2
| 10.441000 |
| -2.710286 |
| 13.723402 |
| 2.571862 |
| 5.565463 |
| -22.144705 |
15
Network 2
| 7.865682 |
| -5.313665 |
| 2.564035 |
| 9.671164 |
| 6.651955 |
| -18.143053 |
12.6188
---------------------------------------
---------------------------------------
---------------------------------------
---------------------------------------
Network 2
| 2.195882 |
| -0.164918 |
| 3.226870 |
| -0.011479 |
| 2.588228 |
| -6.474768 |
12.6153
Network 2
| 4.021402 |
| 0.352837 |
| 1.666557 |
| 2.495546 |
| 3.703938 |
| -5.530257 |
12.6127
Network 2
| 2.580072 |
| -0.327449 |
| 4.373050 |
| 5.220131 |
| 2.267368 |
| -4.721640 |
1.84234
Network 2
| 1.599117 |
| 0.413203 |
| 2.873245 |
| 3.233990 |
| 1.259067 |
| -2.315327 |
1.93021
Network 2
| 2.162259 |
| -1.056736 |
| 5.786231 |
| 2.185730 |
| 1.962080 |
| -9.755187 |
12.6152
Network 2
| 2.824198 |
| 1.146044 |
| 2.839083 |
| 2.026292 |
| 2.387022 |
| -4.027960 |
12.6204
Network 2
| 3.383133 |
| 0.319839 |
| 1.278530 |
| 3.377234 |
| 2.972159 |
| -3.553094 |
12.631
Network 2
| 3.467155 |
| 2.048323 |
| 3.575414 |
| 2.217387 |
| 2.919428 |
| -3.954568 |
12.618
Network 2
| 1.916827 |
| 0.078892 |
| 2.614673 |
| 4.014185 |
| 1.176479 |
| -3.222274 |
1.85581
Network 2
| 4.129205 |
| 0.856459 |
| 3.473163 |
| 4.984004 |
| 2.593204 |
| -6.438077 |
12.6238
---------------------------------------
---------------------------------------
---------------------------------------
---------------------------------------
Network 2
| 2.786244 |
| -0.382072 |
| 2.228018 |
| 2.285690 |
| 3.107605 |
| -4.640662 |
12.6147
Network 2
| 3.105609 |
| -0.762857 |
| 2.073577 |
| 3.972338 |
| 1.987958 |
| -6.917488 |
12.6191
Network 2
| 2.435473 |
| 1.401484 |
| 4.405048 |
| 1.260087 |
| 1.614334 |
| -6.033373 |
12.6247
Network 2
| 1.836436 |
| 2.070191 |
| 4.919996 |
| 0.642309 |
| 1.114629 |
| -4.734341 |
12.6074
Network 2
| 3.517117 |
| 0.878469 |
| 1.784765 |
| 1.908584 |
| 3.619575 |
| -3.587221 |
12.6167
Network 2
| 3.296415 |
| 1.941629 |
| 5.478636 |
| 3.619753 |
| 2.409706 |
| -5.092157 |
12.609
Network 2
| 1.800786 |
| -0.161465 |
| 1.079555 |
| 0.643619 |
| 1.870768 |
| -3.717765 |
12.6139
Network 2
| 1.609792 |
| -0.653492 |
| 0.197879 |
| 1.175182 |
| 0.997916 |
| -4.364945 |
12.6191
Network 2
| 0.619384 |
| -0.670049 |
| 2.041740 |
| 2.690722 |
| 1.072522 |
| -1.338675 |
0.0330334
Network 2
| 4.200427 |
| 0.129504 |
| 1.616980 |
| 2.673331 |
| 2.094149 |
| -9.594410 |
12.6206
---------------------------------------
---------------------------------------
---------------------------------------
---------------------------------------
Network 2
| 1.864562 |
| 1.211091 |
| 3.969134 |
| 1.700402 |
| 0.296961 |
| -6.176692 |
12.6114
Network 2
| 3.312526 |
| 0.504672 |
| 2.666019 |
| 2.773803 |
| 2.555380 |
| -5.762419 |
12.6212
Network 2
| 2.293346 |
| 0.082159 |
| 2.393995 |
| 1.899450 |
| 2.308869 |
| -4.133042 |
12.637
Network 2
| 2.858043 |
| -0.185645 |
| 3.499139 |
| 4.962277 |
| 2.629440 |
| -4.077366 |
1.85162
Network 2
| 2.026405 |
| 0.244547 |
| 2.748188 |
| 2.544342 |
| 1.677253 |
| -3.849897 |
12.6166
Network 2
| 1.741152 |
| 0.089987 |
| 4.547499 |
| 0.788192 |
| 2.306273 |
| -5.458106 |
12.6163
Network 2
| 3.682674 |
| 0.950379 |
| 3.427390 |
| 3.828244 |
| 1.908489 |
| -7.167598 |
12.619
Network 2
| 1.850592 |
| 0.608657 |
| 3.170464 |
| 2.196206 |
| 1.412052 |
| -3.809299 |
12.6037
Network 2
| 1.935590 |
| 1.456050 |
| 6.030671 |
| 1.592401 |
| 2.769248 |
| -3.159682 |
12.6153
Network 2
| 3.867604 |
| 1.381647 |
| 1.911643 |
| 1.347875 |
| 3.147515 |
| -5.437169 |
12.6293
---------------------------------------
---------------------------------------
---------------------------------------
---------------------------------------
Network 2
| 2.925456 |
| 0.850870 |
| 1.718073 |
| 1.621574 |
| 1.810989 |
| -5.404315 |
12.6454
Network 2
| 2.439185 |
| -1.010645 |
| 1.340386 |
| 2.180270 |
| 2.991132 |
| -4.131650 |
12.6278
Network 2
| 2.419758 |
| 0.702682 |
| 0.729525 |
| 1.961033 |
| 0.690323 |
| -4.849027 |
12.6156
Network 2
| 3.154722 |
| 0.451523 |
| 1.933733 |
| 3.526860 |
| 1.947446 |
| -5.047042 |
12.6205
Network 2
| 2.869259 |
| 0.796904 |
| 2.248330 |
| 2.684050 |
| 2.345837 |
| -3.717981 |
12.6194
Network 2
| 2.942182 |
| 0.695238 |
| 2.249545 |
| 1.916890 |
| 2.366736 |
| -4.903749 |
12.6156
Network 2
| 3.759635 |
| 0.718445 |
| 0.661649 |
| 2.411525 |
| 1.776351 |
| -6.813344 |
12.6355
Network 2
| 3.336214 |
| 1.083487 |
| 2.016888 |
| 1.591824 |
| 2.812995 |
| -4.704650 |
12.6252
Network 2
| 3.328248 |
| 1.146843 |
| 2.770619 |
| 1.471808 |
| 2.301073 |
| -6.445947 |
12.6354
Network 2
| 1.039577 |
| -0.391080 |
| 3.638998 |
| -0.146527 |
| 1.287583 |
| -6.027521 |
12.6211
---------------------------------------
---------------------------------------
---------------------------------------
---------------------------------------
Network 2
| 1.597676 |
| -1.186125 |
| 2.923337 |
| 2.394231 |
| 2.414469 |
| -4.061266 |
12.6181
Network 2
| 3.067750 |
| 1.537902 |
| 3.021745 |
| 2.204139 |
| 2.516265 |
| -3.842133 |
12.6256
Network 2
| 2.861377 |
| 1.035037 |
| 2.656921 |
| 3.901674 |
| 2.268085 |
| -2.583232 |
1.84654
Network 2
| 2.843244 |
| 0.326911 |
| 1.277998 |
| 2.047181 |
| 0.361728 |
| -8.200730 |
12.625
Network 2
| 2.858157 |
| 0.466960 |
| 2.052016 |
| 1.708049 |
| 2.190356 |
| -5.431524 |
12.6082
Network 2
| 2.177552 |
| -0.949219 |
| 2.775662 |
| 2.749853 |
| 1.104542 |
| -7.730714 |
12.6353
Network 2
| 2.804750 |
| 0.825215 |
| 2.805719 |
| 1.824564 |
| 1.859948 |
| -5.825913 |
12.6093
Network 2
| 4.761030 |
| 2.150022 |
| 2.528533 |
| 4.029400 |
| 3.666501 |
| -3.926968 |
12.6163
Network 2
| 1.478882 |
| 0.469106 |
| 2.879509 |
| 0.931151 |
| 1.426643 |
| -3.727738 |
12.6313
Network 2
| 1.981032 |
| -0.301241 |
| 2.372012 |
| 3.027213 |
| 2.868425 |
| -1.563543 |
1.84926
---------------------------------------
---------------------------------------
---------------------------------------
---------------------------------------
Network 2
| 2.529882 |
| 1.482702 |
| 5.752421 |
| 0.629983 |
| 3.207724 |
| -4.995761 |
12.6025
Network 2
| 1.090212 |
| -1.611996 |
| 2.078903 |
| -1.431613 |
| 0.939361 |
| -9.071307 |
12.6013
Network 2
| 1.958058 |
| 0.187370 |
| 2.866026 |
| -0.365392 |
| 2.145969 |
| -5.817393 |
12.6033
Network 2
| 2.957834 |
| 0.031740 |
| 1.605167 |
| 2.908635 |
| 2.025826 |
| -5.333422 |
12.6024
Network 2
| 3.782845 |
| 0.345631 |
| 3.285504 |
| 4.429690 |
| 2.545914 |
| -6.712242 |
12.6026
Network 2
| 2.692430 |
| 3.312093 |
| 6.990417 |
| 0.787657 |
| 1.677109 |
| -6.047465 |
12.6024
Network 2
| 2.667143 |
| -0.262566 |
| 0.213562 |
| 0.726256 |
| 1.494179 |
| -6.758462 |
12.6037
Network 2
| 2.743741 |
| 0.299369 |
| 2.411356 |
| 1.100237 |
| 2.529806 |
| -5.655232 |
12.6038
Network 2
| 7.509061 |
| 2.803276 |
| 6.049891 |
| 5.649541 |
| 4.718105 |
| -6.870757 |
15
Network 2
| 7.817731 |
| 2.968425 |
| 5.350886 |
| 4.799726 |
| 3.693356 |
| -7.867751 |
15
Network 2
| 8.567183 |
| 4.084834 |
| 6.870666 |
| 5.307131 |
| 4.912185 |
| -8.705407 |
15
Network 2
| 7.043296 |
| 2.827269 |
| 5.677486 |
| 4.656313 |
| 3.381460 |
| -7.842943 |
15
Network 2
| 6.453450 |
| 2.047118 |
| 4.860884 |
| 3.096097 |
| 3.811764 |
| -7.483603 |
15
Network 2
| 6.256239 |
| 2.844372 |
| 5.673485 |
| 4.985408 |
| 3.189615 |
| -6.936711 |
15
Network 2
| 7.759699 |
| 3.291431 |
| 6.555525 |
| 4.835178 |
| 4.692804 |
| -7.725017 |
15
Network 2
| 8.023560 |
| 2.658082 |
| 5.149706 |
| 3.633670 |
| 3.854191 |
| -8.787025 |
15
Network 2
| 6.748592 |
| 3.313522 |
| 5.887873 |
| 4.764583 |
| 3.705107 |
| -7.032104 |
15
Network 2
| 7.872710 |
| 3.566417 |
| 6.072144 |
| 5.655323 |
| 3.279830 |
| -8.043035 |
15
---------------------------------------
---------------------------------------
---------------------------------------
---------------------------------------
Network 2
| 2.658477 |
| -0.950259 |
| 2.850994 |
| -0.236692 |
| 1.541535 |
| -8.759571 |
15
Network 2
| 2.585247 |
| -1.222466 |
| 2.749640 |
| 0.898474 |
| 0.767171 |
| -8.891211 |
15
Network 2
| 2.905290 |
| -0.350730 |
| 3.834724 |
| 1.061588 |
| 1.496138 |
| -8.610017 |
15
Network 2
| 3.377133 |
| -0.844558 |
| 4.716978 |
| 0.280997 |
| 2.050324 |
| -9.374193 |
15
Network 2
| 3.376187 |
| -0.962472 |
| 0.832077 |
| 1.101902 |
| 1.763008 |
| -8.420311 |
15
Network 2
| 3.513512 |
| -1.079614 |
| 1.759479 |
| 1.023668 |
| 1.754665 |
| -8.395758 |
15
Network 2
| 3.231433 |
| -1.171209 |
| 2.503617 |
| -1.077816 |
| 1.729923 |
| -9.333616 |
15
Network 2
| 2.838140 |
| -0.609836 |
| 2.320192 |
| 0.645502 |
| 2.157959 |
| -8.213698 |
15
Network 2
| 3.562363 |
| -0.823826 |
| 2.931519 |
| 0.772455 |
| 3.028771 |
| -7.908032 |
15
Network 2
| 4.064986 |
| -0.655529 |
| 2.333137 |
| -0.216307 |
| 2.126385 |
| -10.210202 |
15
---------------------------------------
---------------------------------------
---------------------------------------
---------------------------------------
Network 2
| 3.463195 |
| 0.293722 |
| 4.226630 |
| 1.290107 |
| 2.034764 |
| -7.274282 |
15
Network 2
| 4.664612 |
| 0.030636 |
| 2.622989 |
| 0.790737 |
| 1.886154 |
| -9.329190 |
15
Network 2
| 3.708781 |
| 0.839007 |
| 4.114775 |
| 2.377490 |
| 2.277624 |
| -6.421714 |
15
Network 2
| 3.895645 |
| 0.226844 |
| 3.496478 |
| 1.553633 |
| 1.992114 |
| -8.551590 |
15
Network 2
| 4.349370 |
| 0.849922 |
| 3.521670 |
| 0.327002 |
| 2.630095 |
| -8.845431 |
15
Network 2
| 4.255053 |
| 1.448672 |
| 2.743805 |
| 5.534389 |
| 2.747197 |
| -4.209847 |
2.02538
Network 2
| 3.303124 |
| 1.008731 |
| 3.320466 |
| 1.232334 |
| 2.040993 |
| -7.924035 |
12.7535
Network 2
| 3.395376 |
| 0.292598 |
| 2.268988 |
| 1.525782 |
| 2.533969 |
| -7.354813 |
12.7145
Network 2
| 2.805507 |
| 0.491099 |
| 3.717298 |
| 2.312063 |
| 2.612405 |
| -5.393221 |
12.7457
Network 2
| 3.615775 |
| 0.342318 |
| 4.571138 |
| 1.799799 |
| 3.387556 |
| -8.344841 |
12.7318
Network 2
| 3.145307 |
| 0.860149 |
| 3.923944 |
| 3.139076 |
| 2.233088 |
| -5.989979 |
12.7019
Network 2
| 3.684076 |
| 0.712892 |
| 3.020180 |
| 2.497943 |
| 3.184418 |
| -5.998960 |
12.7375
Network 2
| 2.878124 |
| -0.023469 |
| 2.757725 |
| 3.143482 |
| 2.056051 |
| -5.991299 |
12.7873
Network 2
| 2.434829 |
| 0.446853 |
| 3.735738 |
| 2.095511 |
| 2.123310 |
| -5.396622 |
12.7511
Network 2
| 3.050419 |
| 0.671974 |
| 2.108584 |
| 2.239967 |
| 1.685007 |
| -6.209656 |
12.7288
---------------------------------------
---------------------------------------
---------------------------------------
---------------------------------------
Network 2
| 1.260018 |
| -0.573748 |
| 2.520294 |
| 2.578649 |
| 2.301758 |
| -1.322871 |
1.85686
Network 2
| 0.825050 |
| -1.519304 |
| 1.704032 |
| 3.049150 |
| 1.829778 |
| -1.551208 |
0.0734582
Network 2
| 0.538027 |
| 0.029322 |
| 3.581050 |
| 1.942702 |
| 1.793777 |
| -0.503175 |
0.103829
Network 2
| 1.045480 |
| 1.479704 |
| 3.878373 |
| 2.051656 |
| 0.904480 |
| -1.149487 |
1.87447
Network 2
| 1.268552 |
| 0.883663 |
| 4.358118 |
| 2.729419 |
| 1.382308 |
| -1.977233 |
1.8823
Network 2
| 3.033014 |
| 1.010495 |
| 2.855819 |
| 3.957803 |
| 2.686080 |
| -2.560061 |
1.90892
Network 2
| 0.407130 |
| 0.093069 |
| 2.374622 |
| 2.388865 |
| 0.318649 |
| -1.208329 |
0.095624
Network 2
| 1.708160 |
| -0.250359 |
| 1.832491 |
| 4.134147 |
| 0.593574 |
| -3.417116 |
1.87817
Network 2
| 1.763609 |
| 0.847984 |
| 4.597716 |
| 2.515163 |
| 2.827368 |
| -1.328911 |
1.88344
Network 2
| 2.907912 |
| 1.694703 |
| 1.504401 |
| 2.957103 |
| 2.326169 |
| -1.106432 |
1.87945
---------------------------------------
---------------------------------------
---------------------------------------
---------------------------------------
Network 2
| 0.636646 |
| 0.275610 |
| 1.690076 |
| 2.232787 |
| 0.506235 |
| -0.749490 |
0.0591552
Network 2
| 0.728167 |
| 0.476639 |
| 2.075293 |
| 1.564230 |
| 1.816506 |
| 0.375875 |
0.0408354
Network 2
| 1.588359 |
| 0.256987 |
| 0.582775 |
| 2.421593 |
| 3.851589 |
| 0.474759 |
0.10577
Network 2
| 0.475795 |
| 0.345706 |
| 0.918853 |
| 2.582700 |
| -0.715448 |
| -1.362689 |
0.0468855
Network 2
| 0.358606 |
| 0.964161 |
| 1.329540 |
| 1.225879 |
| 1.162048 |
| 0.836588 |
0.0304308
Network 2
| 1.123805 |
| 1.057054 |
| 3.088035 |
| 1.995644 |
| 1.223872 |
| -0.870328 |
1.81321
Network 2
| 0.610096 |
| 0.481625 |
| 2.755526 |
| 1.848120 |
| 1.196064 |
| -0.314502 |
0.0388684
Network 2
| 1.039103 |
| 0.291397 |
| 0.910464 |
| 2.052783 |
| 1.201968 |
| -0.132959 |
0.0729756
Network 2
| 1.244770 |
| -0.206071 |
| 0.504611 |
| 2.239174 |
| 1.757160 |
| -0.146733 |
0.077426
Network 2
| 0.453165 |
| 1.198556 |
| 1.219603 |
| 2.236571 |
| 0.243017 |
| 1.679101 |
0.0893207
---------------------------------------
---------------------------------------
---------------------------------------
---------------------------------------
Network 2
| 1.065727 |
| -0.025473 |
| 1.124146 |
| 2.145192 |
| 1.580631 |
| -0.222490 |
0.0408726
Network 2
| 0.483773 |
| 0.865753 |
| 1.203463 |
| 1.568105 |
| 2.224154 |
| 0.862643 |
0.0112038
Network 2
| 1.114017 |
| -0.827800 |
| 2.176777 |
| 2.253302 |
| 2.897210 |
| -0.308871 |
0.00574613
Network 2
| -0.521286 |
| 0.309466 |
| 1.895405 |
| 1.078812 |
| 1.675555 |
| 0.976523 |
0.00273514
Network 2
| 1.379379 |
| 2.274686 |
| 1.695491 |
| 1.909020 |
| 2.354593 |
| 0.648263 |
0.00312614
Network 2
| 0.603179 |
| 0.986464 |
| 0.026929 |
| 2.730183 |
| 0.621715 |
| 3.183248 |
0.00492001
Network 2
| 1.077572 |
| -0.544948 |
| 2.283674 |
| 2.100197 |
| 2.755532 |
| -0.158942 |
0.00486326
Network 2
| -0.441911 |
| 0.266503 |
| 2.240949 |
| 1.181975 |
| 1.914326 |
| 0.847728 |
0.00395012
Network 2
| -0.403432 |
| -1.691273 |
| 2.710937 |
| 1.728102 |
| 3.645891 |
| 0.341435 |
0.00257874
Network 2
| 1.087278 |
| -0.196698 |
| 1.044324 |
| 2.244051 |
| 1.648849 |
| -0.326464 |
0.00434875
Network 2
| 0.397710 |
| 1.343184 |
| 2.654084 |
| 1.603667 |
| 0.074238 |
| -0.232236 |
0.00828099
Network 2
| -0.870878 |
| 0.738072 |
| 2.744687 |
| 0.824800 |
| 1.186009 |
| 0.975415 |
0.00119972
Network 2
| 1.257790 |
| -0.750147 |
| 0.530455 |
| 2.531806 |
| 2.009583 |
| -0.507011 |
0.00104189
Network 2
| 0.157625 |
| 0.807401 |
| 3.214077 |
| 1.275681 |
| 1.449029 |
| 0.386768 |
0.00152969
Network 2
| 1.136054 |
| -0.119219 |
| 0.314230 |
| 2.357565 |
| 1.190243 |
| -0.415740 |
0.000619173
Network 2
| 0.832097 |
| 1.162106 |
| 2.101782 |
| 1.433267 |
| 1.145829 |
| 0.410058 |
0.00121975
Network 2
| 2.238648 |
| 0.965270 |
| -1.016086 |
| 2.527500 |
| 3.563050 |
| 0.764518 |
0.000482559
Network 2
| -0.390801 |
| 1.275752 |
| 2.313180 |
| 0.983832 |
| 1.206122 |
| 0.999200 |
0.00182724
Network 2
| 1.141206 |
| -0.653982 |
| 1.872241 |
| 2.214975 |
| 2.674145 |
| -0.236170 |
0.00128317
Network 2
| 1.984304 |
| 0.929429 |
| 0.252346 |
| 2.759912 |
| 0.896306 |
| -1.186104 |
1.80024
Network 2
| 2.651706 |
| 0.388923 |
| 0.632084 |
| 3.132520 |
| 5.035308 |
| 0.066472 |
0.00215149
---------------------------------------
---------------------------------------
---------------------------------------
---------------------------------------
Network 2
| 0.215160 |
| 0.494523 |
| 2.825526 |
| 2.212409 |
| -0.078444 |
| -1.159058 |
0.00106382
Network 0
| -1.333333 |
1.66893e-06
Network 1
| 2.521153 |
| -1.809674 |
| 1.150461 |
| 1.193459 |
0.000137329
Network 2
| 0.958205 |
| 0.190222 |
| 1.271346 |
| 2.089413 |
| 1.256809 |
| -0.266425 |
0.0098381
Network 3
| -0.297298 |
7.62939e-06
Network 4
| 1.097091 |
| 0.375162 |
| 0.444135 |
| -0.506868 |
788.547
Network 5
| -1.951832 |
| -1.700130 |
| 0.904207 |
| 1.307564 |
| -1.701462 |
| 1.326221 |
| 0.782124 |
| -0.471833 |
| 0.030974 |
| -1.122743 |
| 1.011202 |
| -3.848178 |
| -0.683959 |
| 1.380640 |
| 0.062603 |
| 0.783211 |
| -0.267458 |
| 0.579886 |
| 4.160072 |
| 0.888858 |
| 1.255302 |
| -0.370599 |
| 0.536864 |
| 1.697803 |
| 1.035625 |
| -0.328482 |
| 5.172122 |
| -5.402167 |
| -0.596419 |
| 0.266571 |
| 2.077051 |
| -2.628129 |
| -0.160668 |
| -2.692013 |
| 0.805403 |
| 0.764306 |
| 0.658962 |
| 1.859273 |
| 2.793302 |
| 0.943244 |
| 0.013854 |
| -0.318096 |
| 0.289686 |
| 4.465029 |
| 1.632397 |
| 1.266182 |
| 0.860098 |
| -0.612155 |
| 0.734551 |
| -0.030669 |
| -1.511059 |
| 2.101306 |
| 0.812431 |
| 1.054574 |
| 1.613950 |
| 1.496024 |
| -1.402231 |
| 0.209392 |
| 0.295670 |
| 2.194915 |
| 1.447505 |
| -2.839371 |
| 2.443206 |
| -0.250073 |
| 2.111516 |
| 0.739856 |
| 0.308018 |
| 1.051940 |
| -0.178512 |
| -0.597940 |
| -0.503445 |
| 3.048249 |
| 0.904917 |
| 3.525671 |
| 0.808578 |
| 6.990016 |
| 2.030953 |
| 2.885099 |
| 1.042939 |
| -0.023255 |
| -0.447191 |
| 1.649345 |
| 0.285390 |
| 2.916275 |
| 1.770720 |
| -1.181877 |
| 4.438020 |
| 2.787007 |
| -3.578343 |
| 0.365712 |
| -4.490488 |
| -3.648679 |
| -1.223467 |
| -1.658487 |
| 1.600981 |
| 1.098024 |
| 1.223487 |
| -1.204769 |
| -3.423519 |
| 2.542025 |
1
Network 6
| -1.418690 |
| -3.681335 |
| 0.018810 |
| 0.862127 |
| 1.770249 |
| 0.479412 |
| 0.145824 |
| -5.095536 |
| 1.927537 |
| 1.929397 |
2.75473
Network 7
| 0.113084 |
| 4.766134 |
| 0.569513 |
| 0.809286 |
| 0.375956 |
| -1.117520 |
| -0.611888 |
| 1.646998 |
| -0.740949 |
| 0.138096 |
| 0.260992 |
| -1.807382 |
| -2.062446 |
| 1.499038 |
| -1.447247 |
| -0.613765 |
| 0.941562 |
| 1.797977 |
| 1.460107 |
| -0.286217 |
20.7254
Network 8
| 0.015682 |
| -0.720694 |
| -4.145895 |
| -1.326984 |
| 2.361042 |
| 3.118706 |
| -0.601570 |
| -3.418095 |
| 6.362634 |
| 1.996737 |
| 4.014737 |
| 2.372249 |
| 1.186103 |
| 0.041286 |
| 2.496894 |
| -2.019214 |
| 0.449728 |
| 0.756307 |
| 0.061595 |
| 1.744252 |
13445.8
Network 9
| -0.905161 |
| -2.550565 |
| -1.739269 |
| 0.531559 |
| 0.338122 |
| 0.423190 |
| 0.370890 |
| -2.262063 |
| -1.049367 |
| -0.464205 |
| -1.001271 |
| -0.332014 |
| -0.648275 |
| 1.464392 |
| -2.246548 |
| 3.269274 |
| 0.841128 |
| 1.666758 |
| -0.527473 |
| 1.408822 |
| -0.509451 |
| 0.346969 |
| 1.272124 |
| 0.539042 |
| -2.095822 |
| -1.124634 |
| -0.099430 |
| 5.731149 |
| 2.768686 |
| 1.141086 |
141.789
---------------------------------------
---------------------------------------
---------------------------------------
---------------------------------------
Network 0
| -1.333333 |
0
Network 1
| 2.138457 |
| -1.168698 |
| -0.612680 |
| 1.618023 |
4.57764e-05
Network 2
| 1.498416 |
| 0.253615 |
| -1.051085 |
| 2.239224 |
| 1.458751 |
| 0.845629 |
0.000869751
Network 3
| -0.297297 |
7.62939e-06
Network 4
| 1.097416 |
| 0.374936 |
| 0.444545 |
| -0.507059 |
788.408
Network 5
| 0.034823 |
| 3.721998 |
| 0.386739 |
| -0.541430 |
| 0.663934 |
| 1.277922 |
| 2.913629 |
| -3.521145 |
| 2.157573 |
| 3.750131 |
| 1.328058 |
| 1.599383 |
| 0.307900 |
| -2.063308 |
| -2.489002 |
| 1.308378 |
| -5.162743 |
| -0.429162 |
| 0.425268 |
| 1.938655 |
| 1.886405 |
| -1.363592 |
| -2.794535 |
| -1.377168 |
| 1.480272 |
| -0.181745 |
| 1.708288 |
| 1.767717 |
| -0.770550 |
| 2.128287 |
| -0.362843 |
| -0.102646 |
| -0.100210 |
| 0.020465 |
| 0.384771 |
| -1.069068 |
| 0.789257 |
| 0.860286 |
| 0.636784 |
| -10.845625 |
| 0.091976 |
| 2.023675 |
| 0.332883 |
| -0.898060 |
| 2.343386 |
| -0.877410 |
| 0.819138 |
| -0.396905 |
| 2.087467 |
| -3.077063 |
| -1.128826 |
| 1.818746 |
| 0.602557 |
| 4.068744 |
| -1.238528 |
| -1.509415 |
| 2.827168 |
| 3.634058 |
| 0.192708 |
| 2.786991 |
| 1.747813 |
| 2.391438 |
| 2.577283 |
| 3.019579 |
| 0.864665 |
| 2.038766 |
| 2.622143 |
| 1.525173 |
| -2.629426 |
| 0.982217 |
| -0.411651 |
| 1.587799 |
| 0.064798 |
| 0.152684 |
| -0.733050 |
| -0.880235 |
| -0.005062 |
| 0.628846 |
| 2.474365 |
| -1.837574 |
| -3.171080 |
| 0.420768 |
| -1.475194 |
| 3.864914 |
| -2.105191 |
| 1.550233 |
| -7.458911 |
| -1.531698 |
| -1.257511 |
| -0.430319 |
| 1.930653 |
| 1.194740 |
| -2.448668 |
| -0.964494 |
| -0.758101 |
| 3.732886 |
| -0.831275 |
| -0.330164 |
| 3.402150 |
| 6.324327 |
1
Network 6
| 0.914799 |
| -1.085261 |
| -1.250347 |
| -4.020967 |
| 4.180515 |
| 0.332925 |
| -0.193488 |
| -2.073694 |
| -0.274852 |
| 0.537118 |
2.75305
Network 7
| 2.177382 |
| 2.235511 |
| 0.242106 |
| -1.270155 |
| 0.831295 |
| -0.902500 |
| 2.092340 |
| 2.941536 |
| 0.338970 |
| -2.696146 |
| 1.385776 |
| -1.499825 |
| 0.860141 |
| 1.361781 |
| -3.805593 |
| 0.660218 |
| -0.375678 |
| -0.599695 |
| -1.397891 |
| -0.193437 |
3.45361
Network 8
| -0.627860 |
| 0.271038 |
| -1.192425 |
| 5.327447 |
| 2.228154 |
| -0.264853 |
| 1.575984 |
| -1.637680 |
| 3.558698 |
| 1.522787 |
| 0.778911 |
| 0.271251 |
| -0.288564 |
| -1.514080 |
| 1.967392 |
| -2.570686 |
| 0.827829 |
| 2.255040 |
| 1.143809 |
| 0.334266 |
20013.9
Network 9
| -0.997537 |
| -1.138072 |
| 0.333130 |
| 0.679416 |
| 0.691457 |
| -1.495240 |
| 0.944153 |
| -1.891478 |
| -0.426497 |
| 0.740294 |
| 1.174946 |
| 3.025498 |
| -1.073637 |
| 2.058233 |
| -2.100760 |
| 1.078842 |
| 1.467464 |
| 0.629216 |
| -2.113202 |
| 2.217215 |
| 0.922589 |
| 1.331114 |
| -0.587514 |
| 1.265875 |
| -0.552051 |
| 0.186147 |
| -1.474315 |
| -0.494526 |
| -0.929257 |
| 0.876731 |
9331.19
---------------------------------------
---------------------------------------
---------------------------------------
---------------------------------------
---------------------------------------
---------------------------------------
---------------------------------------
---------------------------------------
---------------------------------------
---------------------------------------
---------------------------------------
---------------------------------------
---------------------------------------
---------------------------------------
---------------------------------------
---------------------------------------
