Layers: 1
Rows 1: 1
Cols 1: 1
Weights 1: [[3.0]]
Biases 1: [[4.0]]
Relu 1: false
Example_Input:[[1.0]]
Example_Output:[[7.0]]

Layers: 3
Rows 1: 5
Cols 1: 4
Weights 1: [[-4.0, -5.0, 1.0, -2.0], [-5.0, 3.0, 0.0, -9.0], [-4.0, 9.0, -4.0, 5.0], [3.0, 5.0, 9.0, -2.0], [-8.0, -6.0, 1.0, 6.0]]
Biases 1: [[-3.0], [-7.0], [6.0], [-9.0], [9.0]]
Relu 1: true
Rows 2: 5
Cols 2: 5
Weights 2: [[9.0, 0.0, 3.0, 6.0, 7.0], [4.0, -9.0, 8.0, 3.0, -3.0], [-6.0, -4.0, -3.0, -8.0, 0.0], [4.0, 9.0, -4.0, 4.0, -8.0], [-4.0, 0.0, 0.0, -3.0, 6.0]]
Biases 2: [[-2.0], [7.0], [0.0], [-5.0], [6.0]]
Relu 2: true
Rows 3: 1
Cols 3: 5
Weights 3: [[-4.0, -2.0, 6.0, 0.0, 4.0]]
Biases 3: [[0.0]]
Relu 3: false
Example_Input:[[1.0], [1.0], [1.0], [1.0]]
Example_Output:[[-566.0]]

Layers: 2
Rows 1: 5
Cols 1: 6
Weights 1: [[2.0, 8.0, -5.0, -4.0, -6.0, 2.0], [7.0, -8.0, 3.0, -1.0, -7.0, 7.0], [-2.0, 0.0, 1.0, 8.0, -1.0, 6.0], [-7.0, 4.0, -2.0, 2.0, 4.0, -2.0], [-1.0, 3.0, 0.0, -9.0, 8.0, 6.0]]
Biases 1: [[7.0], [6.0], [-9.0], [0.0], [-2.0]]
Relu 1: true
Rows 2: 3
Cols 2: 5
Weights 2: [[0.0, 0.0, 0.0, 4.0, -3.0], [-9.0, -9.0, 8.0, -6.0, 0.0], [-2.0, 1.0, 0.0, -5.0, 4.0]]
Biases 2: [[-5.0], [-6.0], [4.0]]
Relu 2: false
Example_Input:[[1.0], [1.0], [1.0], [1.0], [1.0], [1.0]]
Example_Output:[[-20.0], [-81.0], [23.0]]

Layers: 3
Rows 1: 10
Cols 1: 1
Weights 1: [[-1.0], [-4.0], [-8.0], [-2.0], [-6.0], [4.0], [1.0], [-1.0], [7.0], [0.0]]
Biases 1: [[3.0], [-9.0], [4.0], [6.0], [-4.0], [-9.0], [-9.0], [-9.0], [-8.0], [-8.0]]
Relu 1: true
Rows 2: 5
Cols 2: 10
Weights 2: [[-1.0, -4.0, -4.0, -9.0, -7.0, 9.0, -8.0, -2.0, -6.0, -6.0], [1.0, -8.0, -1.0, 4.0, 2.0, -5.0, -8.0, -6.0, -5.0, 7.0], [0.0, -4.0, -7.0, -1.0, 0.0, -7.0, 6.0, -9.0, 9.0, 4.0], [3.0, -7.0, -7.0, 0.0, 3.0, 6.0, 9.0, 9.0, -9.0, 3.0], [-6.0, 1.0, 0.0, 7.0, 8.0, 3.0, -9.0, -5.0, -9.0, -5.0]]
Biases 2: [[1.0], [8.0], [0.0], [-1.0], [-7.0]]
Relu 2: true
Rows 3: 1
Cols 3: 5
Weights 3: [[-7.0, -3.0, 6.0, -2.0, 5.0]]
Biases 3: [[-3.0]]
Relu 3: false
Example_Input:[[1.0]]
Example_Output:[[-46.0]]

Layers: 3
Rows 1: 10
Cols 1: 4
Weights 1: [[0.0, -4.0, 8.0, 8.0], [-2.0, 6.0, 2.0, -8.0], [-8.0, 5.0, 8.0, -5.0], [-6.0, -7.0, -6.0, 0.0], [-4.0, 4.0, 0.0, -9.0], [-9.0, 9.0, 9.0, 7.0], [-4.0, -5.0, -4.0, -6.0], [-8.0, 7.0, -4.0, -3.0], [0.0, 6.0, -2.0, -4.0], [8.0, 0.0, -9.0, 1.0]]
Biases 1: [[2.0], [-5.0], [0.0], [1.0], [4.0], [5.0], [5.0], [-2.0], [9.0], [-1.0]]
Relu 1: true
Rows 2: 10
Cols 2: 10
Weights 2: [[9.0, 6.0, -6.0, -3.0, 7.0, -3.0, 8.0, -4.0, 0.0, -8.0], [-1.0, -2.0, -7.0, 0.0, 2.0, -9.0, -5.0, 5.0, 0.0, 9.0], [-5.0, -4.0, 9.0, 8.0, -7.0, 2.0, 7.0, 7.0, 0.0, 0.0], [-4.0, 5.0, 1.0, -9.0, 1.0, 0.0, -9.0, 2.0, -1.0, -2.0], [-3.0, -9.0, 8.0, 3.0, 0.0, 9.0, 4.0, 3.0, -8.0, 8.0], [-7.0, -4.0, -9.0, 3.0, 0.0, 1.0, 2.0, -9.0, -5.0, 1.0], [0.0, 3.0, 6.0, -7.0, -8.0, -4.0, 1.0, -7.0, 2.0, 8.0], [-2.0, 5.0, 0.0, -4.0, 5.0, 7.0, 0.0, 6.0, -8.0, 1.0], [6.0, 5.0, 3.0, -5.0, -8.0, 3.0, 4.0, 2.0, 6.0, 5.0], [0.0, -3.0, 9.0, 1.0, -4.0, -5.0, 4.0, 4.0, 2.0, -2.0]]
Biases 2: [[-1.0], [-4.0], [-1.0], [6.0], [5.0], [3.0], [-9.0], [-6.0], [8.0], [9.0]]
Relu 2: true
Rows 3: 4
Cols 3: 10
Weights 3: [[5.0, -1.0, -8.0, 9.0, -6.0, -1.0, -6.0, 2.0, -7.0, -4.0], [9.0, -2.0, 6.0, 4.0, 7.0, -6.0, 5.0, 5.0, 0.0, -8.0], [0.0, -4.0, 9.0, -3.0, -7.0, -2.0, 6.0, 2.0, 7.0, -5.0], [5.0, -5.0, 7.0, -8.0, 9.0, -6.0, 2.0, -8.0, 6.0, 4.0]]
Biases 3: [[8.0], [-3.0], [2.0], [9.0]]
Relu 3: false
Example_Input:[[1.0], [1.0], [1.0], [1.0]]
Example_Output:[[-1543.0], [1320.0], [987.0], [1965.0]]

Layers: 3
Rows 1: 10
Cols 1: 100
Weights 1: [[0.0, -9.0, -5.0, -5.0, 0.0, 7.0, -4.0, 7.0, 2.0, 4.0, -5.0, 8.0, -4.0, -8.0, 0.0, 0.0, -4.0, 3.0, 3.0, -4.0, -6.0, 0.0, 3.0, 5.0, -3.0, 0.0, -9.0, -3.0, -7.0, -8.0, -8.0, 7.0, 2.0, 7.0, -5.0, 6.0, 5.0, -5.0, -4.0, -2.0, -4.0, -9.0, 2.0, -7.0, 8.0, -4.0, -8.0, -4.0, -4.0, 0.0, 0.0, 8.0, -1.0, 8.0, -3.0, 4.0, 7.0, 6.0, -6.0, -1.0, 0.0, 6.0, -8.0, 0.0, 4.0, 8.0, -6.0, 3.0, -2.0, 0.0, -4.0, 6.0, 5.0, 3.0, 5.0, 8.0, -7.0, 2.0, 8.0, -5.0, 9.0, -6.0, 2.0, -9.0, 8.0, 5.0, -7.0, 6.0, -1.0, -1.0, 5.0, -7.0, 6.0, 0.0, 2.0, -9.0, -4.0, 6.0, 1.0, -6.0], [-3.0, 0.0, 0.0, 8.0, -2.0, -9.0, -1.0, -3.0, -3.0, -7.0, 8.0, 2.0, 6.0, -9.0, 0.0, 1.0, 3.0, 5.0, 1.0, 2.0, 2.0, 0.0, 6.0, 3.0, 8.0, 8.0, 0.0, 7.0, -1.0, -2.0, 0.0, 6.0, 1.0, -9.0, 2.0, -4.0, 7.0, 6.0, -9.0, -6.0, -2.0, 1.0, -3.0, 9.0, 3.0, -3.0, 3.0, -5.0, -9.0, 8.0, 9.0, 6.0, 1.0, 9.0, 3.0, 0.0, 3.0, 2.0, -8.0, 4.0, -9.0, 9.0, 6.0, 6.0, 8.0, 6.0, -5.0, 5.0, 6.0, -7.0, 0.0, -3.0, 2.0, -1.0, 9.0, -8.0, 4.0, -6.0, 6.0, 6.0, 4.0, 9.0, -2.0, -7.0, -9.0, 8.0, 9.0, -6.0, -8.0, -3.0, -8.0, -2.0, 8.0, 6.0, 7.0, 6.0, 9.0, 6.0, -8.0, -9.0], [-4.0, 4.0, 0.0, 0.0, 9.0, 1.0, 0.0, 0.0, -2.0, -4.0, -8.0, -8.0, 3.0, 3.0, -5.0, 4.0, 3.0, -3.0, -5.0, -7.0, -8.0, 6.0, 0.0, -1.0, -5.0, 5.0, 1.0, 1.0, 3.0, 4.0, 1.0, 3.0, -7.0, -6.0, 4.0, 2.0, -3.0, 0.0, -4.0, 3.0, 7.0, 6.0, -1.0, 6.0, 0.0, 8.0, 7.0, 7.0, -9.0, 6.0, 3.0, -8.0, 0.0, -5.0, -9.0, 2.0, 5.0, -8.0, -2.0, 3.0, -2.0, -1.0, -6.0, -5.0, -2.0, 0.0, 9.0, -8.0, -5.0, 2.0, 0.0, -3.0, 5.0, -3.0, 0.0, -8.0, -9.0, 4.0, 6.0, 7.0, 7.0, 2.0, -2.0, -2.0, 5.0, 0.0, 9.0, 1.0, -1.0, 2.0, -9.0, -2.0, 0.0, -9.0, 5.0, -7.0, -9.0, -6.0, 2.0, -8.0], [4.0, 4.0, 2.0, -2.0, -3.0, -1.0, -3.0, 6.0, 0.0, 5.0, 2.0, 5.0, 7.0, 3.0, 2.0, 5.0, 3.0, 5.0, -1.0, 7.0, 6.0, -5.0, 3.0, -4.0, -7.0, 8.0, -6.0, -3.0, 2.0, 5.0, -6.0, -1.0, 3.0, 1.0, 8.0, -5.0, -3.0, 2.0, 8.0, 4.0, -8.0, -7.0, 7.0, -4.0, 7.0, -3.0, -8.0, -5.0, -2.0, 7.0, 7.0, -9.0, 4.0, -4.0, -4.0, -5.0, 2.0, -8.0, 4.0, 6.0, -4.0, -5.0, 6.0, -6.0, -9.0, 4.0, -9.0, 4.0, 0.0, -6.0, -6.0, -2.0, 7.0, -2.0, 3.0, 8.0, 0.0, -5.0, 1.0, -5.0, -3.0, -7.0, -1.0, -9.0, 4.0, 1.0, 6.0, -9.0, 4.0, -1.0, 6.0, -7.0, 7.0, 0.0, -6.0, 0.0, 0.0, 0.0, 7.0, -3.0], [1.0, 8.0, 5.0, -1.0, 8.0, 6.0, -7.0, 8.0, -4.0, -7.0, -7.0, 5.0, 9.0, 6.0, 9.0, 4.0, 9.0, 0.0, 6.0, -4.0, -2.0, 9.0, -1.0, -2.0, 0.0, 0.0, 8.0, 7.0, 2.0, -4.0, 2.0, 7.0, 2.0, 6.0, 5.0, 1.0, 9.0, 0.0, -2.0, 2.0, -8.0, 4.0, -1.0, -1.0, 3.0, -5.0, 0.0, 4.0, -9.0, -7.0, -2.0, -1.0, 7.0, -2.0, 4.0, -1.0, 8.0, 0.0, 6.0, -9.0, 5.0, 3.0, 8.0, 5.0, 4.0, 8.0, 9.0, -5.0, -2.0, 0.0, 5.0, 2.0, -5.0, 9.0, -4.0, -9.0, 1.0, -1.0, -9.0, 0.0, 2.0, -7.0, -1.0, -3.0, -6.0, -7.0, 9.0, 3.0, -1.0, 7.0, 4.0, 0.0, 5.0, -8.0, 8.0, 3.0, 3.0, -6.0, 9.0, 8.0], [6.0, -8.0, -3.0, -9.0, 3.0, 8.0, -5.0, -2.0, 0.0, -3.0, 0.0, -5.0, 0.0, -5.0, 8.0, -2.0, -1.0, -2.0, 5.0, 3.0, -1.0, 7.0, 0.0, -6.0, -2.0, 1.0, -6.0, 0.0, 2.0, 4.0, 2.0, 0.0, 1.0, -3.0, 0.0, -8.0, -6.0, 0.0, -2.0, 6.0, 4.0, 1.0, 3.0, 0.0, 0.0, -1.0, -4.0, -5.0, -8.0, -9.0, -3.0, 8.0, -4.0, -2.0, -2.0, 0.0, -2.0, -1.0, 8.0, -3.0, -6.0, -3.0, 7.0, -6.0, -9.0, 7.0, -2.0, 0.0, -4.0, 2.0, 6.0, -8.0, -6.0, -5.0, -8.0, 7.0, 3.0, -4.0, 7.0, -9.0, -9.0, 6.0, 5.0, 6.0, 6.0, 2.0, -7.0, 2.0, 4.0, -1.0, -8.0, 4.0, 4.0, -2.0, 4.0, -5.0, -9.0, -1.0, 6.0, -5.0], [-5.0, 2.0, -7.0, -7.0, 7.0, 1.0, 0.0, 0.0, -7.0, -3.0, -9.0, 9.0, 9.0, 0.0, -5.0, -3.0, 0.0, -5.0, -2.0, -5.0, -8.0, 8.0, -9.0, 9.0, -3.0, -9.0, -5.0, 0.0, 9.0, 0.0, -4.0, 5.0, -8.0, -5.0, -3.0, 7.0, -8.0, 0.0, 0.0, -4.0, 0.0, 9.0, -5.0, 1.0, 4.0, 3.0, 0.0, 1.0, 4.0, 4.0, -4.0, 0.0, -5.0, 0.0, 8.0, 1.0, 0.0, 4.0, -9.0, 8.0, 5.0, -5.0, 0.0, -1.0, -2.0, -5.0, 0.0, -4.0, -5.0, -5.0, -7.0, -5.0, 8.0, -1.0, 7.0, 2.0, 5.0, 4.0, -6.0, -9.0, 8.0, 5.0, 7.0, -2.0, 0.0, -8.0, 4.0, 7.0, 5.0, -9.0, 8.0, -7.0, 9.0, -3.0, -9.0, 5.0, -9.0, -8.0, -5.0, -3.0], [2.0, 7.0, -2.0, 3.0, 3.0, 5.0, 7.0, 9.0, 7.0, -5.0, -8.0, 7.0, 0.0, 5.0, 7.0, 7.0, 1.0, -4.0, 7.0, 0.0, -7.0, 9.0, 3.0, 4.0, -6.0, 0.0, -2.0, 2.0, -8.0, -4.0, 0.0, 9.0, 1.0, 4.0, -5.0, 9.0, -7.0, 4.0, 7.0, 7.0, -8.0, -7.0, 5.0, 8.0, -2.0, -6.0, -3.0, 2.0, -7.0, 1.0, 4.0, -2.0, -8.0, -9.0, -8.0, 2.0, -6.0, 9.0, -8.0, -5.0, -1.0, -7.0, -4.0, -2.0, -6.0, -3.0, -8.0, -2.0, 0.0, -6.0, -7.0, 5.0, -3.0, -2.0, -9.0, 2.0, -7.0, 7.0, 3.0, 0.0, 0.0, -4.0, -1.0, 3.0, -8.0, 2.0, -4.0, 1.0, -7.0, 7.0, 0.0, -8.0, -3.0, -2.0, -1.0, -8.0, -8.0, -3.0, 7.0, -7.0], [-1.0, -7.0, 0.0, 1.0, 7.0, 9.0, -3.0, -2.0, 8.0, 7.0, -1.0, -6.0, 5.0, 8.0, 0.0, 3.0, 6.0, 4.0, -6.0, -5.0, -5.0, 9.0, -3.0, -3.0, -6.0, 8.0, -4.0, -4.0, 4.0, 9.0, -7.0, 1.0, -8.0, 7.0, -5.0, 0.0, 9.0, 9.0, -1.0, 0.0, -7.0, 8.0, 0.0, -1.0, 5.0, 1.0, 1.0, -9.0, 0.0, 0.0, -7.0, 9.0, 4.0, 3.0, -6.0, 5.0, 4.0, 9.0, 0.0, 7.0, 9.0, 4.0, 7.0, 7.0, -2.0, 3.0, -4.0, 0.0, 5.0, 0.0, 5.0, -3.0, 5.0, 0.0, -7.0, 9.0, 8.0, 3.0, 5.0, -4.0, 6.0, -8.0, -6.0, 6.0, 0.0, 2.0, 0.0, 0.0, 6.0, 9.0, 0.0, -3.0, -4.0, -9.0, 2.0, -1.0, -4.0, 7.0, 1.0, -6.0], [-6.0, 5.0, 1.0, -2.0, -6.0, -4.0, -3.0, 2.0, -1.0, -1.0, 7.0, 9.0, 2.0, 3.0, 5.0, 3.0, 4.0, 8.0, 6.0, 6.0, 3.0, 3.0, 8.0, 1.0, -4.0, -2.0, 9.0, 8.0, 3.0, 0.0, -3.0, 5.0, 9.0, -4.0, 5.0, -1.0, 8.0, 9.0, -9.0, 6.0, 8.0, -1.0, -3.0, -6.0, 2.0, 5.0, 0.0, 0.0, -5.0, 9.0, -9.0, 0.0, -6.0, 4.0, 3.0, 4.0, -8.0, -8.0, 1.0, -3.0, -1.0, 3.0, 2.0, 6.0, 9.0, -9.0, -2.0, 0.0, -5.0, -1.0, 4.0, 8.0, -8.0, 9.0, -4.0, 2.0, 7.0, -5.0, 2.0, 1.0, 7.0, 0.0, -2.0, -2.0, -4.0, 5.0, -6.0, 7.0, 8.0, -6.0, -1.0, -4.0, 7.0, 3.0, -4.0, 7.0, -2.0, 3.0, 6.0, -8.0]]
Biases 1: [[6.0], [-8.0], [9.0], [-7.0], [3.0], [-3.0], [-4.0], [9.0], [-8.0], [-5.0]]
Relu 1: true
Rows 2: 5
Cols 2: 10
Weights 2: [[5.0, -9.0, 2.0, 0.0, 0.0, 8.0, -7.0, -8.0, -6.0, -4.0], [-3.0, -8.0, 4.0, -1.0, -5.0, 9.0, 1.0, 8.0, -8.0, 8.0], [6.0, -2.0, 5.0, 9.0, 6.0, 9.0, 6.0, -2.0, -1.0, 9.0], [-3.0, -4.0, -6.0, -1.0, 7.0, 5.0, 3.0, -1.0, -6.0, -8.0], [-2.0, -7.0, 6.0, -3.0, 8.0, -1.0, -4.0, 0.0, -9.0, 0.0]]
Biases 2: [[1.0], [6.0], [-6.0], [4.0], [-7.0]]
Relu 2: true
Rows 3: 1
Cols 3: 5
Weights 3: [[8.0, 8.0, -2.0, 0.0, 9.0]]
Biases 3: [[-1.0]]
Relu 3: false
Example_Input:[[1.0], [1.0], [1.0], [1.0], [1.0], [1.0], [1.0], [1.0], [1.0], [1.0], [1.0], [1.0], [1.0], [1.0], [1.0], [1.0], [1.0], [1.0], [1.0], [1.0], [1.0], [1.0], [1.0], [1.0], [1.0], [1.0], [1.0], [1.0], [1.0], [1.0], [1.0], [1.0], [1.0], [1.0], [1.0], [1.0], [1.0], [1.0], [1.0], [1.0], [1.0], [1.0], [1.0], [1.0], [1.0], [1.0], [1.0], [1.0], [1.0], [1.0], [1.0], [1.0], [1.0], [1.0], [1.0], [1.0], [1.0], [1.0], [1.0], [1.0], [1.0], [1.0], [1.0], [1.0], [1.0], [1.0], [1.0], [1.0], [1.0], [1.0], [1.0], [1.0], [1.0], [1.0], [1.0], [1.0], [1.0], [1.0], [1.0], [1.0], [1.0], [1.0], [1.0], [1.0], [1.0], [1.0], [1.0], [1.0], [1.0], [1.0], [1.0], [1.0], [1.0], [1.0], [1.0], [1.0], [1.0], [1.0], [1.0], [1.0]]
Example_Output:[[-3031.0]]

Layers: 3
Rows 1: 20
Cols 1: 10
Weights 1: [[-9.0, -5.0, -7.0, -9.0, -3.0, -3.0, 6.0, -8.0, 0.0, 4.0], [1.0, 9.0, 4.0, 8.0, -5.0, 2.0, 3.0, -1.0, 7.0, -2.0], [2.0, -3.0, 0.0, 0.0, 0.0, -2.0, 2.0, 5.0, -9.0, 2.0], [6.0, 0.0, 8.0, 2.0, 9.0, 0.0, 1.0, 4.0, -7.0, -2.0], [-5.0, 0.0, -7.0, 7.0, 6.0, -3.0, 4.0, -7.0, 6.0, 0.0], [0.0, 0.0, 2.0, 4.0, 1.0, -2.0, 0.0, 8.0, -5.0, 9.0], [-4.0, 9.0, 4.0, -5.0, 0.0, -9.0, 6.0, -1.0, 7.0, -1.0], [5.0, 4.0, -9.0, 3.0, 5.0, -9.0, 2.0, -8.0, 8.0, -8.0], [-6.0, -4.0, 0.0, 9.0, -4.0, 9.0, -3.0, -6.0, 9.0, -8.0], [-3.0, 5.0, -4.0, -5.0, -2.0, 1.0, -2.0, 0.0, 9.0, 1.0], [-6.0, 3.0, -1.0, -9.0, 9.0, 0.0, 4.0, 6.0, 4.0, 8.0], [2.0, -8.0, 2.0, 0.0, -3.0, -3.0, 8.0, 6.0, 5.0, 8.0], [2.0, 6.0, -6.0, -2.0, 6.0, -7.0, 1.0, 8.0, 3.0, 7.0], [8.0, -8.0, -7.0, -6.0, -2.0, -7.0, -8.0, -1.0, 2.0, 9.0], [3.0, 7.0, 6.0, -8.0, -1.0, 6.0, -2.0, 7.0, -9.0, -6.0], [2.0, 8.0, 8.0, -2.0, 2.0, 9.0, -8.0, -7.0, 8.0, -7.0], [0.0, 5.0, -6.0, 9.0, 5.0, -2.0, -4.0, -9.0, 6.0, 0.0], [5.0, -5.0, -9.0, -6.0, 5.0, -6.0, -8.0, -4.0, -3.0, -8.0], [-2.0, 1.0, 4.0, 9.0, -7.0, -4.0, 0.0, -1.0, 8.0, 6.0], [-7.0, -3.0, 2.0, -8.0, -7.0, 0.0, -2.0, 1.0, 0.0, -9.0]]
Biases 1: [[-9.0], [0.0], [-7.0], [-7.0], [1.0], [0.0], [-8.0], [3.0], [-9.0], [-6.0], [-8.0], [6.0], [6.0], [3.0], [-7.0], [-7.0], [1.0], [2.0], [-9.0], [-2.0]]
Relu 1: true
Rows 2: 5
Cols 2: 20
Weights 2: [[2.0, -8.0, 0.0, -5.0, -3.0, -5.0, -6.0, 0.0, -8.0, 6.0, 0.0, -4.0, -4.0, -4.0, 9.0, 6.0, 2.0, 1.0, 2.0, 3.0], [-2.0, 3.0, 5.0, -7.0, -5.0, 2.0, 4.0, 2.0, -3.0, -1.0, -1.0, 8.0, 7.0, -3.0, 6.0, -3.0, 0.0, 0.0, 8.0, 0.0], [-4.0, 9.0, -4.0, 0.0, -2.0, 0.0, 4.0, -8.0, 8.0, -8.0, 9.0, 5.0, -9.0, -8.0, 3.0, 0.0, 7.0, -6.0, -2.0, 4.0], [0.0, 1.0, -1.0, 7.0, -5.0, 8.0, -1.0, 9.0, 3.0, 7.0, -9.0, 1.0, -2.0, 9.0, 1.0, 0.0, -5.0, -3.0, -5.0, 3.0], [-4.0, 3.0, -1.0, -7.0, 5.0, 1.0, -3.0, 6.0, -7.0, 8.0, 0.0, -2.0, 6.0, -5.0, 5.0, 4.0, 1.0, -1.0, -9.0, 3.0]]
Biases 2: [[-7.0], [-5.0], [-6.0], [1.0], [-6.0]]
Relu 2: true
Rows 3: 3
Cols 3: 5
Weights 3: [[-4.0, -9.0, -1.0, -3.0, 2.0], [8.0, 3.0, 5.0, 1.0, -4.0], [5.0, -1.0, 0.0, 8.0, -3.0]]
Biases 3: [[0.0], [-1.0], [-7.0]]
Relu 3: false
Example_Input:[[1.0], [1.0], [1.0], [1.0], [1.0], [1.0], [1.0], [1.0], [1.0], [1.0]]
Example_Output:[[-3597.0], [2032.0], [69.0]]

Layers: 4
Rows 1: 20
Cols 1: 20
Weights 1: [[-3.0, -3.0, 4.0, -8.0, -2.0, 0.0, -1.0, -9.0, -9.0, 5.0, 0.0, -9.0, 7.0, -1.0, -7.0, 7.0, 9.0, 3.0, -5.0, -4.0], [-9.0, 5.0, -8.0, 1.0, 7.0, 3.0, 0.0, 4.0, 3.0, -9.0, -8.0, 3.0, 1.0, -5.0, 6.0, -8.0, 4.0, -2.0, -5.0, -4.0], [3.0, -1.0, 6.0, 0.0, 9.0, 7.0, 8.0, -7.0, 2.0, -3.0, 0.0, -6.0, -5.0, 9.0, 8.0, -4.0, 9.0, -3.0, 2.0, 7.0], [-9.0, 4.0, 9.0, 7.0, 0.0, 9.0, -7.0, 2.0, 4.0, -8.0, 7.0, 0.0, 0.0, 1.0, 6.0, 6.0, 8.0, -3.0, -9.0, -1.0], [0.0, -2.0, -1.0, 0.0, 7.0, 3.0, -4.0, -4.0, 0.0, 7.0, 0.0, -9.0, -9.0, -2.0, -3.0, 6.0, 0.0, -3.0, -3.0, 6.0], [0.0, 1.0, -4.0, -6.0, -3.0, 1.0, 5.0, -4.0, -1.0, 3.0, -2.0, 7.0, -8.0, 2.0, 0.0, -6.0, -4.0, 7.0, -9.0, 0.0], [6.0, -5.0, 8.0, -9.0, 0.0, 4.0, -3.0, -5.0, 0.0, 1.0, -4.0, 6.0, 8.0, 0.0, -8.0, 3.0, 1.0, 3.0, 5.0, -7.0], [8.0, 0.0, -2.0, 9.0, -2.0, 0.0, 2.0, -3.0, 3.0, 9.0, 8.0, 6.0, 2.0, 2.0, 0.0, 5.0, -2.0, 1.0, 1.0, 4.0], [-5.0, 0.0, 5.0, 6.0, -4.0, 3.0, 0.0, -2.0, -6.0, -1.0, 6.0, 2.0, 6.0, 0.0, -6.0, 3.0, -1.0, -2.0, 3.0, -7.0], [7.0, 6.0, 6.0, -5.0, -5.0, -9.0, 7.0, 2.0, -1.0, 7.0, -9.0, 4.0, 9.0, -7.0, 0.0, 0.0, -9.0, 4.0, 7.0, -2.0], [-1.0, -9.0, 0.0, 5.0, -5.0, -5.0, 9.0, -5.0, 3.0, 1.0, 4.0, 0.0, -9.0, -2.0, 2.0, -4.0, -6.0, -2.0, 1.0, -4.0], [0.0, -9.0, -9.0, 1.0, 4.0, 4.0, 4.0, 6.0, 6.0, 8.0, 4.0, -4.0, -8.0, -3.0, -6.0, -7.0, 0.0, -5.0, -8.0, 3.0], [-6.0, -9.0, -7.0, -2.0, 3.0, 6.0, -6.0, 6.0, 6.0, 4.0, 8.0, 0.0, 1.0, -3.0, 6.0, -9.0, -5.0, -7.0, 5.0, 3.0], [9.0, -4.0, -8.0, 0.0, -1.0, 0.0, 4.0, 9.0, 4.0, 2.0, -7.0, 3.0, -7.0, -4.0, -7.0, 4.0, 0.0, 7.0, 3.0, 7.0], [-8.0, -1.0, 3.0, 0.0, -1.0, -2.0, -4.0, 0.0, 5.0, 1.0, 5.0, -7.0, 7.0, -7.0, -3.0, -3.0, 0.0, -4.0, 6.0, -9.0], [2.0, 6.0, -5.0, 2.0, 8.0, 6.0, -8.0, -6.0, 5.0, -6.0, 7.0, 4.0, 3.0, 2.0, -3.0, -1.0, 3.0, 4.0, -8.0, 7.0], [2.0, -8.0, -8.0, 0.0, -2.0, -3.0, 6.0, 9.0, 7.0, -1.0, 9.0, -4.0, -7.0, -9.0, 2.0, 2.0, 6.0, 1.0, 3.0, 5.0], [3.0, -1.0, -8.0, 1.0, -2.0, 8.0, -7.0, 7.0, 4.0, 3.0, -5.0, 8.0, 3.0, -7.0, -4.0, 9.0, 1.0, 0.0, -1.0, 7.0], [2.0, -3.0, -1.0, -9.0, 2.0, 0.0, 4.0, 3.0, 7.0, 8.0, -6.0, 0.0, 3.0, 4.0, 3.0, -4.0, 0.0, 3.0, -4.0, 7.0], [-4.0, -9.0, 8.0, 6.0, 2.0, 1.0, -7.0, -3.0, -4.0, 6.0, -6.0, 7.0, 0.0, -2.0, -1.0, 7.0, -2.0, 4.0, -3.0, -2.0]]
Biases 1: [[8.0], [-5.0], [-6.0], [-8.0], [-9.0], [8.0], [2.0], [-7.0], [0.0], [-8.0], [-3.0], [0.0], [-7.0], [-9.0], [4.0], [-6.0], [-9.0], [3.0], [-8.0], [1.0]]
Relu 1: true
Rows 2: 20
Cols 2: 20
Weights 2: [[3.0, 0.0, 5.0, -2.0, -1.0, 6.0, 0.0, -8.0, 5.0, 4.0, 1.0, -7.0, 8.0, -8.0, -8.0, -6.0, -4.0, 3.0, 0.0, 0.0], [-2.0, -3.0, -8.0, 1.0, 5.0, 0.0, -8.0, 1.0, -2.0, -1.0, 5.0, -2.0, -5.0, -6.0, -8.0, 2.0, 5.0, -6.0, 0.0, -4.0], [-6.0, 4.0, -1.0, -9.0, 6.0, 0.0, -9.0, 0.0, -7.0, 5.0, -2.0, -7.0, 9.0, -6.0, 0.0, -8.0, -5.0, -7.0, -5.0, -6.0], [-7.0, 1.0, 7.0, -9.0, 1.0, 6.0, 1.0, 7.0, 9.0, -6.0, 7.0, 2.0, 3.0, -8.0, 9.0, 1.0, 8.0, 2.0, 9.0, -2.0], [0.0, -3.0, -7.0, 9.0, -4.0, 0.0, 7.0, 6.0, -7.0, -3.0, 0.0, -2.0, 0.0, 9.0, 9.0, -6.0, -7.0, 4.0, -8.0, 7.0], [-9.0, -4.0, -8.0, -9.0, -3.0, 9.0, 7.0, 7.0, 0.0, 7.0, 7.0, -5.0, -7.0, -8.0, -8.0, 0.0, -4.0, 5.0, 7.0, 0.0], [0.0, -6.0, 2.0, 4.0, -9.0, -7.0, 0.0, 0.0, -4.0, 5.0, 7.0, 8.0, 5.0, 5.0, 3.0, -7.0, -9.0, 6.0, 8.0, 0.0], [8.0, -9.0, 8.0, 9.0, -2.0, 0.0, 3.0, 4.0, -7.0, -9.0, -8.0, -3.0, -8.0, 3.0, -5.0, 6.0, -8.0, 5.0, 0.0, 1.0], [-2.0, 9.0, -6.0, -5.0, -5.0, -2.0, 6.0, 8.0, -2.0, 5.0, 6.0, 6.0, -6.0, -8.0, -7.0, -6.0, -1.0, 7.0, -3.0, -6.0], [7.0, 8.0, -4.0, 4.0, 2.0, -2.0, 0.0, 5.0, 0.0, 9.0, 8.0, -9.0, 5.0, -7.0, 4.0, -3.0, -3.0, -4.0, 3.0, 3.0], [-7.0, 8.0, 5.0, 1.0, 9.0, -2.0, 7.0, 2.0, -1.0, 3.0, 6.0, 1.0, -6.0, 2.0, 6.0, -5.0, -3.0, -7.0, -6.0, 5.0], [8.0, 2.0, 4.0, 7.0, -8.0, 4.0, 7.0, 0.0, 0.0, -8.0, 4.0, -6.0, 5.0, -2.0, 0.0, -2.0, 7.0, 9.0, 9.0, -5.0], [5.0, 4.0, 0.0, -7.0, 5.0, -8.0, 1.0, 1.0, 6.0, 9.0, -1.0, 6.0, 4.0, 0.0, 6.0, -8.0, -2.0, 1.0, -7.0, 3.0], [0.0, 7.0, -3.0, -8.0, -8.0, -2.0, -6.0, -7.0, -3.0, -7.0, -4.0, 3.0, 0.0, -9.0, -7.0, 6.0, -5.0, 0.0, 7.0, -3.0], [0.0, -4.0, -6.0, 2.0, -4.0, 2.0, 5.0, -4.0, -4.0, 2.0, -2.0, 2.0, -1.0, -6.0, -7.0, -8.0, 5.0, 8.0, -1.0, -4.0], [6.0, 5.0, -6.0, -7.0, 0.0, -2.0, -2.0, -2.0, 8.0, 0.0, 3.0, 3.0, 6.0, -2.0, 6.0, -6.0, 2.0, 8.0, 7.0, 4.0], [4.0, -6.0, -9.0, 1.0, 9.0, -6.0, 0.0, 7.0, -5.0, 4.0, 2.0, 2.0, -4.0, 0.0, 2.0, 4.0, -4.0, -9.0, -3.0, 9.0], [1.0, -3.0, -1.0, 3.0, 5.0, -2.0, -7.0, 2.0, -7.0, 2.0, 2.0, 0.0, -8.0, 3.0, 0.0, -7.0, -5.0, 5.0, 0.0, 6.0], [-9.0, 0.0, 6.0, -2.0, 2.0, 4.0, 7.0, -2.0, 6.0, -7.0, 0.0, 1.0, -5.0, -9.0, 4.0, 1.0, 2.0, 7.0, 3.0, 1.0], [-9.0, 8.0, -1.0, 8.0, 4.0, 3.0, -4.0, 0.0, 0.0, 9.0, 5.0, 6.0, 1.0, 5.0, 1.0, 1.0, 7.0, 0.0, 5.0, -8.0]]
Biases 2: [[-1.0], [3.0], [-3.0], [2.0], [-8.0], [1.0], [4.0], [-5.0], [-6.0], [5.0], [3.0], [4.0], [8.0], [7.0], [9.0], [8.0], [1.0], [1.0], [-7.0], [-7.0]]
Relu 2: true
Rows 3: 20
Cols 3: 20
Weights 3: [[-2.0, 9.0, -9.0, 1.0, -3.0, 4.0, -9.0, 0.0, 8.0, -7.0, 7.0, 1.0, 4.0, 3.0, -6.0, 1.0, 1.0, 6.0, -3.0, -5.0], [-7.0, 5.0, 8.0, 8.0, 0.0, -6.0, 7.0, -8.0, 7.0, 9.0, -4.0, 7.0, 6.0, 2.0, 8.0, 6.0, 3.0, 4.0, 0.0, -9.0], [0.0, 5.0, -9.0, 3.0, -5.0, -6.0, -9.0, -7.0, -9.0, -9.0, -5.0, 6.0, 3.0, 6.0, -8.0, 1.0, -6.0, 7.0, 5.0, -2.0], [3.0, 4.0, 1.0, -9.0, -3.0, 3.0, -4.0, 4.0, 0.0, -6.0, -2.0, 4.0, -7.0, 5.0, 5.0, 5.0, 9.0, -4.0, 5.0, 0.0], [-3.0, -1.0, 1.0, -3.0, -5.0, -8.0, 3.0, 1.0, -3.0, 8.0, 5.0, 2.0, 4.0, -8.0, 1.0, -5.0, -4.0, -3.0, 0.0, 0.0], [2.0, -2.0, 1.0, -3.0, 6.0, -7.0, 0.0, -6.0, 8.0, -4.0, 4.0, 8.0, -7.0, -3.0, 4.0, 4.0, -4.0, 6.0, -7.0, 0.0], [-1.0, 3.0, -1.0, 6.0, -6.0, 6.0, 2.0, 1.0, 3.0, 0.0, 5.0, 1.0, 0.0, -3.0, 1.0, -8.0, 2.0, 8.0, 5.0, -3.0], [-8.0, 5.0, 9.0, 4.0, 4.0, 0.0, -1.0, 0.0, 7.0, -6.0, -8.0, -1.0, -5.0, 0.0, 9.0, 0.0, 4.0, -6.0, 8.0, 3.0], [-2.0, 6.0, -6.0, 6.0, 0.0, 0.0, -6.0, 0.0, -3.0, -7.0, -7.0, -4.0, 0.0, 0.0, 0.0, -3.0, 7.0, -1.0, -9.0, 5.0], [-1.0, 1.0, -3.0, -1.0, 4.0, -6.0, -7.0, 8.0, -3.0, 0.0, 0.0, 5.0, -4.0, 0.0, -5.0, -6.0, -5.0, 8.0, 3.0, -6.0], [-9.0, 1.0, 1.0, 5.0, -7.0, -1.0, -3.0, 1.0, -7.0, 6.0, 0.0, 0.0, 7.0, 1.0, -9.0, 5.0, -3.0, 7.0, -8.0, 8.0], [-3.0, -6.0, -2.0, 4.0, 5.0, 0.0, -1.0, -8.0, 5.0, 7.0, -7.0, 1.0, -5.0, 8.0, 1.0, -1.0, -4.0, 8.0, -3.0, 3.0], [3.0, -5.0, 4.0, -3.0, 1.0, 3.0, 9.0, -8.0, -9.0, 5.0, -4.0, -8.0, 0.0, -4.0, -3.0, -4.0, -5.0, -8.0, -9.0, -5.0], [1.0, 9.0, -7.0, -4.0, 6.0, -9.0, -5.0, -8.0, -4.0, 1.0, -4.0, 6.0, 2.0, 9.0, 4.0, -7.0, -2.0, -3.0, 1.0, 7.0], [-1.0, -6.0, -7.0, -3.0, -5.0, 9.0, 8.0, -6.0, 0.0, -1.0, -2.0, 9.0, -1.0, -5.0, 2.0, -6.0, 3.0, -3.0, -2.0, 1.0], [1.0, -6.0, -1.0, 3.0, -6.0, 4.0, -8.0, -2.0, -6.0, 4.0, -8.0, -6.0, 9.0, -1.0, 0.0, 0.0, 6.0, -6.0, -1.0, -5.0], [9.0, 0.0, 1.0, 2.0, -8.0, 7.0, -7.0, 3.0, -6.0, -1.0, 9.0, -6.0, 6.0, 5.0, -3.0, 3.0, 6.0, 4.0, 5.0, -3.0], [-8.0, -1.0, -7.0, -2.0, 9.0, 9.0, 0.0, -8.0, 4.0, 4.0, 6.0, 1.0, -5.0, 7.0, 0.0, -1.0, 2.0, -3.0, -5.0, -1.0], [-1.0, -8.0, 1.0, -3.0, 6.0, 1.0, -5.0, 6.0, 0.0, -6.0, -1.0, 0.0, 3.0, -8.0, -1.0, 5.0, 8.0, 1.0, 2.0, 1.0], [6.0, 3.0, 0.0, 7.0, -6.0, 0.0, -5.0, 7.0, 1.0, 6.0, -5.0, 8.0, -9.0, 8.0, -3.0, 4.0, -3.0, 9.0, -3.0, 6.0]]
Biases 3: [[-4.0], [9.0], [-1.0], [9.0], [-3.0], [-2.0], [-4.0], [-4.0], [-2.0], [3.0], [-5.0], [-2.0], [8.0], [3.0], [-8.0], [0.0], [-7.0], [8.0], [0.0], [6.0]]
Relu 3: true
Rows 4: 4
Cols 4: 20
Weights 4: [[-2.0, 5.0, 8.0, -5.0, -8.0, 4.0, 0.0, -3.0, -5.0, -2.0, 1.0, -3.0, -2.0, 2.0, 5.0, 6.0, -9.0, -5.0, 8.0, 0.0], [-4.0, 5.0, 6.0, 2.0, -3.0, 5.0, -1.0, 4.0, -5.0, 6.0, 0.0, 8.0, -9.0, -3.0, -3.0, 9.0, -1.0, 4.0, 0.0, 9.0], [-5.0, -6.0, -5.0, -4.0, 0.0, 7.0, 9.0, 7.0, 5.0, 0.0, 3.0, 6.0, -7.0, 2.0, -5.0, 2.0, -3.0, 0.0, -5.0, -4.0], [4.0, 0.0, -1.0, -4.0, 8.0, 0.0, 4.0, 0.0, 5.0, -8.0, -1.0, 3.0, 7.0, 4.0, -3.0, -7.0, 5.0, 5.0, -2.0, -3.0]]
Biases 4: [[-4.0], [2.0], [9.0], [1.0]]
Relu 4: false
Example_Input:[[1.0], [1.0], [1.0], [1.0], [1.0], [1.0], [1.0], [1.0], [1.0], [1.0], [1.0], [1.0], [1.0], [1.0], [1.0], [1.0], [1.0], [1.0], [1.0], [1.0]]
Example_Output:[[13930.0], [173030.0], [6697.0], [-74003.0]]

Layers:  5
Rows 1: 10
Cols 1: 20
Weights 1: [[8.0, 2.0, 4.0, -1.0, -8.0, -3.0, 8.0, 6.0, -3.0, -4.0, 8.0, -2.0, 2.0, 8.0, -4.0, 0.0, -3.0, 4.0, 9.0, 1.0], [0.0, -5.0, 6.0, 3.0, -6.0, -6.0, 0.0, 8.0, -2.0, -9.0, 6.0, -7.0, -6.0, 2.0, 9.0, -4.0, 0.0, -1.0, 0.0, -6.0], [-6.0, -8.0, 3.0, 5.0, -2.0, 9.0, 6.0, 8.0, -7.0, 0.0, -9.0, 7.0, -8.0, 0.0, -2.0, 9.0, -4.0, 3.0, 3.0, 7.0], [7.0, 1.0, 0.0, -8.0, -6.0, -9.0, -7.0, 1.0, 1.0, 3.0, -6.0, 7.0, 7.0, 0.0, -2.0, -3.0, 5.0, 8.0, -1.0, 2.0], [8.0, 0.0, -2.0, -4.0, 1.0, 0.0, 8.0, 9.0, -7.0, 5.0, -9.0, -1.0, -9.0, 1.0, -2.0, 2.0, 7.0, 7.0, 9.0, -5.0], [7.0, 2.0, 4.0, 0.0, 5.0, -5.0, 4.0, 0.0, -5.0, -6.0, 3.0, 4.0, 1.0, 6.0, 6.0, 8.0, -6.0, -5.0, -9.0, -8.0], [9.0, 7.0, -5.0, -7.0, -9.0, 6.0, -4.0, 0.0, -4.0, 3.0, -2.0, 3.0, 0.0, -4.0, -3.0, -1.0, -5.0, 7.0, 3.0, 3.0], [-3.0, 9.0, 7.0, 0.0, 7.0, 4.0, -8.0, -3.0, -5.0, 0.0, -8.0, -1.0, 5.0, 6.0, 3.0, 9.0, -8.0, -3.0, 3.0, 9.0], [-1.0, 7.0, 4.0, -8.0, -7.0, -3.0, 4.0, 8.0, 0.0, -7.0, -4.0, -9.0, 7.0, -9.0, -2.0, -6.0, 4.0, 5.0, 2.0, 7.0], [4.0, 1.0, 1.0, 2.0, -1.0, 9.0, 2.0, -8.0, -7.0, 3.0, -4.0, -6.0, -7.0, 6.0, 6.0, 6.0, -5.0, 9.0, 1.0, -5.0]]
Biases 1: [[-4.0], [6.0], [2.0], [-5.0], [0.0], [-3.0], [-7.0], [6.0], [9.0], [2.0]]
Relu 1: true
Rows 2: 10
Cols 2: 10
Weights 2: [[-6.0, 3.0, 5.0, -4.0, -7.0, 0.0, -5.0, -1.0, -4.0, 2.0], [-5.0, -8.0, 0.0, 5.0, -8.0, 1.0, 0.0, 2.0, 8.0, -6.0], [0.0, -2.0, 8.0, 0.0, -6.0, -2.0, 6.0, 6.0, -9.0, -6.0], [0.0, -1.0, -4.0, 7.0, -4.0, 3.0, -1.0, -6.0, 5.0, 2.0], [-8.0, 4.0, 4.0, -5.0, -9.0, -6.0, 0.0, -3.0, 9.0, 4.0], [7.0, 3.0, -1.0, -2.0, 3.0, -2.0, -9.0, 8.0, -9.0, 0.0], [7.0, -9.0, -4.0, 3.0, 3.0, -7.0, 7.0, -2.0, -5.0, 9.0], [0.0, -8.0, 3.0, -5.0, -3.0, -4.0, 6.0, 7.0, 8.0, -5.0], [1.0, 6.0, 5.0, -7.0, 0.0, 0.0, -5.0, 2.0, 4.0, -8.0], [9.0, -1.0, -2.0, 2.0, 2.0, 4.0, -2.0, -1.0, 8.0, 1.0]]
Biases 2: [[7.0], [-8.0], [0.0], [6.0], [-3.0], [5.0], [4.0], [1.0], [-9.0], [4.0]]
Relu 2: true
Rows 3: 10
Cols 3: 10
Weights 3: [[0.0, 8.0, -6.0, 4.0, 0.0, 8.0, -3.0, 2.0, 9.0, -7.0], [-4.0, -8.0, 9.0, -9.0, -1.0, 0.0, 5.0, 0.0, 7.0, 4.0], [0.0, -2.0, 6.0, 1.0, 5.0, 4.0, 2.0, -5.0, -8.0, 9.0], [8.0, -4.0, -7.0, 7.0, -3.0, -9.0, 7.0, 3.0, -2.0, -9.0], [1.0, 8.0, -8.0, -4.0, 9.0, -3.0, -2.0, 5.0, 0.0, 9.0], [7.0, 5.0, 6.0, 3.0, -7.0, -1.0, -9.0, 0.0, 7.0, 6.0], [-2.0, 6.0, -4.0, 1.0, -6.0, -7.0, 7.0, 4.0, 8.0, -9.0], [-3.0, 6.0, -5.0, 0.0, 0.0, 0.0, -4.0, 1.0, -6.0, 9.0], [1.0, -2.0, -1.0, -4.0, 3.0, 1.0, 0.0, -6.0, -8.0, 5.0], [-5.0, -1.0, -2.0, 6.0, 7.0, 8.0, -2.0, -6.0, -2.0, -7.0]]
Biases 3: [[0.0], [5.0], [0.0], [-1.0], [4.0], [3.0], [0.0], [-5.0], [2.0], [3.0]]
Relu 3: true
Rows 4: 10
Cols 4: 10
Weights 4: [[3.0, 2.0, -4.0, -1.0, -5.0, 2.0, 5.0, -2.0, -5.0, 1.0], [-2.0, 0.0, -1.0, -8.0, 2.0, 0.0, 0.0, -2.0, 6.0, 8.0], [4.0, 0.0, 8.0, -8.0, 5.0, 6.0, -5.0, -6.0, 1.0, -2.0], [-3.0, -7.0, -4.0, -9.0, -5.0, -2.0, -3.0, -2.0, 7.0, 2.0], [-2.0, -5.0, -4.0, 7.0, -5.0, -3.0, 1.0, -2.0, -8.0, 9.0], [-5.0, -4.0, -8.0, 5.0, 5.0, 0.0, -9.0, 9.0, 4.0, 0.0], [5.0, 9.0, -9.0, 6.0, 8.0, 5.0, 0.0, 6.0, 0.0, -6.0], [-7.0, 8.0, -2.0, -3.0, 0.0, -1.0, -3.0, 4.0, 3.0, 7.0], [-3.0, 6.0, 9.0, 9.0, 0.0, -1.0, -7.0, 8.0, 4.0, 3.0], [-8.0, 0.0, 9.0, 4.0, 9.0, 6.0, 9.0, 8.0, -5.0, -3.0]]
Biases 4: [[0.0], [-2.0], [0.0], [8.0], [-4.0], [-1.0], [0.0], [-3.0], [-3.0], [-5.0]]
Relu 4: true
Rows 5: 3
Cols 5: 10
Weights 5: [[0.0, -9.0, -4.0, 9.0, -1.0, -7.0, -5.0, -6.0, -4.0, -6.0], [-2.0, 7.0, -9.0, 2.0, 5.0, -1.0, 8.0, 7.0, 0.0, -3.0], [1.0, -4.0, -7.0, -3.0, 6.0, 8.0, 4.0, 5.0, 1.0, -5.0]]
Biases 5: [[7.0], [-1.0], [5.0]]
Relu 5: false
Example_Input:[[1.0], [1.0], [1.0], [1.0], [1.0], [1.0], [1.0], [1.0], [1.0], [1.0], [1.0], [1.0], [1.0], [1.0], [1.0], [1.0], [1.0], [1.0], [1.0], [1.0]]
Example_Output:[[-749297.0], [-233682.0], [-257586.0]]

Layers: 4
Rows 1: 30
Cols 1: 30
Weights 1: [[-4.0, -3.0, 5.0, 0.0, -9.0, 8.0, -9.0, -1.0, 0.0, 6.0, -9.0, -4.0, -2.0, -5.0, 5.0, 7.0, 0.0, 6.0, 2.0, -4.0, -7.0, 3.0, 3.0, -7.0, -8.0, -8.0, 2.0, -7.0, -2.0, -5.0], [5.0, -2.0, -1.0, 0.0, 6.0, 5.0, -3.0, 4.0, 1.0, -2.0, -2.0, -8.0, -6.0, -4.0, 3.0, 4.0, -2.0, -6.0, -9.0, -7.0, -8.0, -2.0, -3.0, 9.0, 0.0, -1.0, -3.0, -7.0, -1.0, -8.0], [8.0, -4.0, -8.0, 9.0, -9.0, 2.0, -7.0, 9.0, -9.0, -3.0, 8.0, -8.0, -9.0, 0.0, 6.0, 9.0, -3.0, 2.0, -5.0, 1.0, 2.0, 0.0, -7.0, -1.0, -4.0, -4.0, -1.0, -8.0, -6.0, -4.0], [5.0, 5.0, 1.0, 7.0, -7.0, -1.0, -3.0, -2.0, 0.0, -5.0, 5.0, 8.0, 4.0, -8.0, -2.0, 9.0, 0.0, 2.0, 4.0, 0.0, 2.0, 0.0, 1.0, 9.0, 1.0, -2.0, 3.0, 7.0, -4.0, 7.0], [0.0, 9.0, -1.0, 2.0, 6.0, -3.0, -5.0, -4.0, -3.0, 0.0, -8.0, 3.0, 0.0, 8.0, 8.0, -9.0, -5.0, 2.0, -5.0, 9.0, -9.0, -2.0, 0.0, -3.0, 5.0, -3.0, 0.0, 3.0, 4.0, 5.0], [2.0, -8.0, -1.0, 5.0, 8.0, -4.0, 3.0, -8.0, 9.0, -2.0, 0.0, 0.0, 7.0, -2.0, -7.0, 9.0, -9.0, -5.0, 5.0, 8.0, 8.0, 5.0, 0.0, 2.0, 1.0, 6.0, 7.0, 8.0, 5.0, 0.0], [0.0, 1.0, -1.0, 2.0, 6.0, 0.0, 3.0, 0.0, 4.0, 8.0, -6.0, -8.0, 2.0, 4.0, 6.0, 2.0, 0.0, 6.0, -6.0, -3.0, -1.0, 9.0, -3.0, 7.0, -7.0, 7.0, -6.0, 9.0, -4.0, -7.0], [-4.0, -6.0, 6.0, -4.0, 0.0, 8.0, 2.0, -7.0, -9.0, -1.0, -7.0, 3.0, 6.0, 0.0, 7.0, 5.0, 5.0, -2.0, 5.0, 0.0, 7.0, 2.0, -1.0, -8.0, 1.0, -2.0, 8.0, -9.0, 9.0, 9.0], [-8.0, -3.0, 9.0, -4.0, -4.0, -7.0, 0.0, 8.0, -4.0, 0.0, -5.0, -8.0, 0.0, -8.0, 3.0, 9.0, 5.0, 0.0, -2.0, 2.0, -7.0, -8.0, -6.0, 7.0, -3.0, -4.0, 0.0, 7.0, -9.0, 0.0], [2.0, 8.0, 2.0, -4.0, 1.0, -5.0, -5.0, -7.0, 1.0, 3.0, 6.0, -5.0, 0.0, -9.0, 9.0, 8.0, -1.0, 9.0, 2.0, -8.0, -3.0, -6.0, 7.0, -3.0, 0.0, 3.0, -9.0, -8.0, -2.0, -1.0], [0.0, 8.0, 0.0, 5.0, -4.0, 1.0, 0.0, 8.0, 6.0, 8.0, 3.0, -8.0, 1.0, 0.0, 3.0, -7.0, 0.0, -3.0, -7.0, 6.0, 5.0, 1.0, 9.0, 5.0, 3.0, -9.0, -5.0, 5.0, 8.0, 4.0], [5.0, 0.0, -7.0, 3.0, 8.0, -8.0, 8.0, -3.0, 3.0, -9.0, 1.0, -1.0, 7.0, -4.0, -5.0, 0.0, 7.0, 4.0, 9.0, 0.0, 0.0, 4.0, -8.0, 9.0, 9.0, 1.0, 3.0, 8.0, 0.0, 5.0], [-1.0, -9.0, 2.0, -8.0, -6.0, -9.0, 0.0, -5.0, -3.0, 8.0, -2.0, 7.0, -2.0, -9.0, 2.0, -2.0, -1.0, -4.0, -1.0, 7.0, -2.0, -7.0, 9.0, -3.0, 2.0, 8.0, 9.0, 5.0, -3.0, -5.0], [8.0, 2.0, -3.0, 8.0, -5.0, 3.0, 0.0, 3.0, -1.0, 7.0, -3.0, 2.0, 2.0, -6.0, 8.0, 0.0, 2.0, -4.0, 8.0, 7.0, -9.0, 7.0, -4.0, -8.0, -5.0, 8.0, 0.0, 3.0, 9.0, -9.0], [-8.0, -5.0, 9.0, 1.0, -5.0, 8.0, 1.0, -7.0, 3.0, 0.0, 3.0, 0.0, 9.0, -6.0, -3.0, 7.0, 4.0, -5.0, 4.0, 0.0, -5.0, -9.0, 0.0, 5.0, -3.0, -6.0, -7.0, -9.0, 3.0, -8.0], [0.0, 1.0, -6.0, -1.0, 3.0, -8.0, -7.0, 7.0, 8.0, -4.0, 1.0, -2.0, 3.0, 1.0, 5.0, -6.0, 0.0, 8.0, 0.0, 2.0, 1.0, 4.0, 3.0, -1.0, -9.0, 1.0, 0.0, -7.0, 9.0, 2.0], [5.0, 1.0, 4.0, -4.0, 6.0, 5.0, -9.0, -8.0, 1.0, 3.0, -2.0, -5.0, -4.0, 7.0, 2.0, 4.0, -3.0, -7.0, 6.0, 2.0, 6.0, 0.0, -2.0, -6.0, -9.0, 6.0, 0.0, -8.0, 5.0, 6.0], [3.0, 4.0, 4.0, 0.0, 9.0, -1.0, 6.0, 5.0, 9.0, -9.0, 2.0, 0.0, 2.0, 1.0, 1.0, 8.0, 8.0, 9.0, -9.0, -4.0, 1.0, -4.0, -3.0, 0.0, 7.0, -3.0, 4.0, 0.0, 0.0, -3.0], [4.0, 9.0, 6.0, 4.0, 1.0, 3.0, 6.0, 1.0, 2.0, -3.0, -5.0, 0.0, -1.0, 5.0, 9.0, 4.0, 6.0, 0.0, 6.0, -9.0, -6.0, 0.0, 1.0, 5.0, 1.0, 7.0, 8.0, 7.0, 0.0, -3.0], [2.0, -8.0, -5.0, 3.0, 6.0, 6.0, -7.0, -4.0, 0.0, 8.0, -4.0, 0.0, -2.0, 0.0, 7.0, 7.0, -2.0, -9.0, 2.0, 0.0, -1.0, 6.0, -9.0, 3.0, 6.0, 1.0, 9.0, -7.0, 0.0, -7.0], [-1.0, 0.0, 0.0, 0.0, -8.0, 2.0, 7.0, 4.0, -2.0, 0.0, -7.0, 6.0, -2.0, -7.0, 1.0, 1.0, 1.0, 1.0, 6.0, 4.0, 0.0, -9.0, 0.0, -4.0, -2.0, -9.0, -8.0, -7.0, 1.0, -8.0], [-2.0, 9.0, 2.0, -9.0, -2.0, -5.0, 9.0, -5.0, -7.0, -9.0, -3.0, -6.0, -1.0, 5.0, -8.0, 0.0, -6.0, -6.0, -6.0, 2.0, 3.0, 1.0, -3.0, 0.0, -4.0, -3.0, 8.0, -1.0, 6.0, -5.0], [4.0, 1.0, -3.0, -9.0, -1.0, -6.0, -1.0, -2.0, -5.0, 8.0, 0.0, 2.0, 0.0, 8.0, 8.0, 0.0, -5.0, -3.0, 3.0, -9.0, 1.0, 9.0, -5.0, -5.0, -1.0, -7.0, 0.0, 0.0, -2.0, 9.0], [1.0, 4.0, 6.0, 8.0, 0.0, -5.0, 9.0, 0.0, 9.0, 7.0, 6.0, -4.0, 7.0, 0.0, -4.0, 3.0, 0.0, -8.0, -5.0, -1.0, -7.0, -9.0, 8.0, 0.0, 1.0, 6.0, 4.0, -3.0, 0.0, -4.0], [0.0, -9.0, 1.0, 5.0, -8.0, 6.0, 6.0, 6.0, 0.0, 1.0, 3.0, -5.0, -1.0, 1.0, 7.0, -8.0, 0.0, 9.0, 7.0, -8.0, -4.0, 0.0, 4.0, 1.0, -3.0, 6.0, 0.0, 1.0, 2.0, 3.0], [-5.0, -9.0, -8.0, 0.0, -2.0, 7.0, 5.0, 8.0, 0.0, -9.0, 8.0, 3.0, 0.0, 7.0, -4.0, -6.0, 8.0, 9.0, 8.0, 0.0, -6.0, 0.0, -1.0, -7.0, -5.0, -7.0, -2.0, -8.0, -4.0, 7.0], [0.0, -1.0, -4.0, -1.0, 1.0, 0.0, -8.0, -6.0, -7.0, 9.0, -7.0, 0.0, 8.0, -2.0, 5.0, 4.0, 1.0, 6.0, 8.0, 0.0, 0.0, 4.0, 0.0, -4.0, 4.0, 1.0, 4.0, 1.0, -3.0, -6.0], [0.0, -5.0, -3.0, -9.0, -1.0, 0.0, -7.0, 8.0, 7.0, 3.0, 0.0, 4.0, 2.0, 3.0, 3.0, 9.0, -9.0, 4.0, 0.0, 0.0, 0.0, -1.0, 2.0, -3.0, 1.0, 4.0, -5.0, 4.0, -5.0, -9.0], [-9.0, -7.0, 6.0, 7.0, 9.0, 5.0, -2.0, 2.0, 4.0, 9.0, 1.0, -8.0, 7.0, -3.0, -8.0, -1.0, -6.0, -6.0, 3.0, 5.0, 4.0, 9.0, -4.0, -3.0, -9.0, 6.0, -1.0, -2.0, 0.0, -6.0], [4.0, 4.0, 5.0, -2.0, 9.0, 6.0, -3.0, 0.0, 0.0, -2.0, 9.0, -1.0, 3.0, 0.0, -5.0, -5.0, 5.0, -9.0, 3.0, -6.0, 8.0, 8.0, -2.0, 0.0, -2.0, 1.0, -5.0, 0.0, 9.0, -3.0]]
Biases 1: [[1.0], [9.0], [8.0], [7.0], [7.0], [2.0], [-6.0], [0.0], [-8.0], [6.0], [-9.0], [5.0], [-5.0], [0.0], [0.0], [8.0], [5.0], [-8.0], [-5.0], [-1.0], [9.0], [-4.0], [-6.0], [-3.0], [4.0], [3.0], [2.0], [7.0], [-2.0], [9.0]]
Relu 1: true
Rows 2: 30
Cols 2: 30
Weights 2: [[7.0, -9.0, -8.0, 4.0, -1.0, -7.0, 1.0, 0.0, -5.0, -3.0, 5.0, -6.0, -1.0, 3.0, 7.0, 4.0, -8.0, -8.0, -5.0, 4.0, -7.0, -5.0, -6.0, 4.0, 4.0, -4.0, 3.0, -6.0, 3.0, -8.0], [-3.0, 5.0, -8.0, 7.0, 6.0, 6.0, 8.0, -1.0, -3.0, 5.0, -3.0, 5.0, -8.0, 8.0, 7.0, 7.0, -2.0, 5.0, 1.0, 5.0, 6.0, -5.0, -7.0, 1.0, 4.0, -2.0, 9.0, -2.0, -7.0, 5.0], [0.0, 3.0, 2.0, 2.0, 7.0, 0.0, 6.0, -4.0, -6.0, 3.0, 2.0, -4.0, 2.0, 0.0, -4.0, -8.0, -8.0, 6.0, -3.0, 2.0, 2.0, -3.0, 1.0, -3.0, -4.0, -9.0, -4.0, -5.0, 9.0, 9.0], [3.0, -1.0, -7.0, 4.0, 2.0, -9.0, 3.0, 8.0, 3.0, 6.0, 4.0, -1.0, -6.0, -1.0, -9.0, -2.0, 1.0, 9.0, -4.0, -9.0, -8.0, 8.0, 5.0, 2.0, -2.0, 1.0, 7.0, -4.0, 4.0, 8.0], [1.0, 4.0, -4.0, -4.0, 2.0, 2.0, -7.0, -3.0, 2.0, 0.0, 9.0, -2.0, 9.0, -2.0, 0.0, 3.0, -4.0, 2.0, 8.0, -1.0, -1.0, 6.0, 3.0, 8.0, -6.0, -8.0, 4.0, 7.0, -8.0, 5.0], [9.0, -4.0, 0.0, 0.0, 9.0, 3.0, -3.0, 7.0, 1.0, 1.0, 5.0, 7.0, -1.0, 5.0, 7.0, -2.0, 1.0, -1.0, -4.0, 5.0, 9.0, 0.0, 5.0, 8.0, -3.0, -2.0, -3.0, 6.0, 8.0, -8.0], [7.0, -8.0, -3.0, 0.0, 3.0, -2.0, 6.0, 2.0, 2.0, 4.0, 2.0, 5.0, -9.0, 3.0, 0.0, -7.0, 4.0, -3.0, -7.0, 2.0, 9.0, 1.0, 5.0, -9.0, -2.0, 5.0, 8.0, -2.0, 3.0, 0.0], [3.0, 3.0, -2.0, -1.0, 4.0, 0.0, 6.0, 8.0, 0.0, -8.0, 3.0, -5.0, -4.0, 5.0, 7.0, 5.0, 4.0, -4.0, 0.0, -1.0, 4.0, 8.0, 0.0, 9.0, -8.0, 5.0, -9.0, 9.0, -1.0, -5.0], [-9.0, 8.0, -3.0, -1.0, -8.0, 9.0, 0.0, -4.0, 2.0, 1.0, -2.0, 9.0, 6.0, 9.0, -8.0, 0.0, 1.0, -9.0, -9.0, 4.0, -7.0, 0.0, -7.0, -9.0, -7.0, 9.0, 5.0, -5.0, -1.0, 2.0], [9.0, -3.0, -5.0, -8.0, -9.0, 3.0, -3.0, 8.0, 5.0, 7.0, 2.0, -1.0, 4.0, -8.0, -6.0, 9.0, 6.0, -5.0, -7.0, 7.0, -5.0, 8.0, 9.0, -2.0, 0.0, -9.0, 4.0, -3.0, 8.0, -9.0], [0.0, 2.0, -6.0, 3.0, 1.0, 4.0, -9.0, 8.0, 9.0, 4.0, 4.0, -2.0, -1.0, 8.0, -1.0, -2.0, -7.0, -2.0, 9.0, 3.0, 0.0, -9.0, 6.0, 8.0, -5.0, -2.0, 9.0, 7.0, -5.0, 2.0], [2.0, -9.0, -9.0, 5.0, 7.0, -6.0, 9.0, 2.0, 5.0, -5.0, 4.0, 6.0, -2.0, -7.0, -9.0, -7.0, -2.0, -2.0, 6.0, 4.0, 1.0, -1.0, -2.0, 1.0, 6.0, 0.0, 7.0, -4.0, -2.0, -2.0], [-6.0, 3.0, 6.0, -2.0, -6.0, -8.0, -4.0, 5.0, 5.0, 0.0, 9.0, -1.0, -2.0, 6.0, 5.0, 0.0, 2.0, 7.0, -1.0, -5.0, 3.0, 0.0, -9.0, -6.0, 6.0, -5.0, 7.0, -5.0, 7.0, -8.0], [-1.0, 8.0, 0.0, -1.0, 8.0, -5.0, 5.0, 2.0, 0.0, -3.0, 3.0, 9.0, 3.0, 0.0, 6.0, 9.0, 4.0, 4.0, 2.0, -5.0, -8.0, -8.0, 4.0, -3.0, 8.0, -4.0, 9.0, 0.0, 4.0, 0.0], [0.0, 8.0, 5.0, 4.0, 6.0, 1.0, 7.0, 5.0, 1.0, 5.0, -4.0, 0.0, -9.0, -3.0, -7.0, 6.0, -7.0, -7.0, -6.0, 3.0, 2.0, -4.0, -3.0, 9.0, -8.0, 5.0, 4.0, 8.0, 1.0, -7.0], [0.0, 2.0, 3.0, 0.0, 6.0, -9.0, 8.0, -6.0, 4.0, -8.0, -3.0, 8.0, -1.0, -5.0, -2.0, -5.0, 5.0, -1.0, -8.0, 7.0, 2.0, 3.0, 8.0, -9.0, -2.0, 5.0, -3.0, -1.0, -5.0, -9.0], [9.0, -5.0, -2.0, -9.0, 6.0, 9.0, -2.0, 3.0, 2.0, -8.0, -3.0, 8.0, 7.0, 4.0, -5.0, -9.0, -5.0, -3.0, 9.0, 3.0, -7.0, 0.0, 3.0, 6.0, -1.0, 0.0, -8.0, -5.0, 3.0, 6.0], [4.0, -1.0, 5.0, -4.0, 4.0, -3.0, 9.0, 9.0, 3.0, 3.0, 8.0, 6.0, -3.0, 9.0, 7.0, -3.0, 7.0, 8.0, -4.0, 7.0, -8.0, -6.0, -1.0, 5.0, 4.0, -9.0, 9.0, 6.0, -4.0, 0.0], [2.0, 0.0, 7.0, 3.0, 4.0, 6.0, 8.0, 0.0, 6.0, 4.0, 7.0, 9.0, 3.0, 0.0, 3.0, -8.0, 8.0, 5.0, -3.0, -9.0, 2.0, -7.0, 2.0, 6.0, 3.0, 4.0, -8.0, 5.0, -6.0, -4.0], [4.0, 7.0, 9.0, -7.0, 8.0, 0.0, -1.0, -2.0, 3.0, -4.0, -1.0, -9.0, 0.0, 1.0, -4.0, -9.0, -6.0, 2.0, 5.0, -2.0, 0.0, 0.0, 4.0, 7.0, 2.0, 0.0, 3.0, -2.0, 5.0, -3.0], [0.0, -1.0, -2.0, 0.0, -4.0, -5.0, 7.0, 9.0, 0.0, 4.0, 0.0, -4.0, -8.0, -9.0, -9.0, 3.0, 2.0, 1.0, 2.0, -5.0, -5.0, -8.0, -7.0, 3.0, -6.0, -1.0, 3.0, 2.0, -9.0, 7.0], [-9.0, -5.0, 1.0, 0.0, 0.0, 4.0, 6.0, 5.0, -9.0, 2.0, -7.0, -4.0, -1.0, -9.0, -3.0, -2.0, 2.0, 6.0, -4.0, 7.0, -9.0, -1.0, 1.0, 4.0, 0.0, -9.0, 9.0, -7.0, 5.0, -6.0], [-5.0, 1.0, 4.0, -4.0, 4.0, -3.0, -7.0, -5.0, -6.0, 5.0, -1.0, 4.0, 0.0, -6.0, 1.0, 8.0, -7.0, -3.0, 4.0, 5.0, 0.0, 3.0, -1.0, 1.0, 6.0, 8.0, -3.0, 2.0, -6.0, 0.0], [4.0, -4.0, -6.0, 3.0, 4.0, -5.0, 5.0, 3.0, -5.0, 8.0, -8.0, 3.0, 0.0, 7.0, -6.0, -2.0, 0.0, 8.0, 7.0, -7.0, -6.0, 8.0, 8.0, 5.0, 2.0, 4.0, 5.0, 2.0, 8.0, 4.0], [1.0, 7.0, 1.0, -2.0, 8.0, 6.0, 7.0, -8.0, -4.0, 8.0, -2.0, 4.0, 6.0, 1.0, 8.0, -6.0, 8.0, -3.0, -3.0, -6.0, 8.0, -4.0, 2.0, -5.0, 6.0, 1.0, 2.0, -4.0, 3.0, 6.0], [7.0, 8.0, 8.0, 6.0, -8.0, -3.0, 6.0, -7.0, -9.0, 9.0, -2.0, 5.0, 8.0, -1.0, -5.0, -8.0, -1.0, 6.0, 9.0, 7.0, 6.0, 1.0, 4.0, 0.0, 9.0, -3.0, 9.0, 6.0, -6.0, 7.0], [4.0, 0.0, -2.0, -3.0, -3.0, 8.0, 5.0, 2.0, -5.0, -7.0, 6.0, -2.0, 1.0, -6.0, -8.0, -1.0, 6.0, 2.0, -9.0, 0.0, 5.0, -3.0, 1.0, 6.0, 1.0, -6.0, 1.0, 5.0, 2.0, -4.0], [4.0, -7.0, -8.0, 6.0, -6.0, -6.0, 5.0, -4.0, 0.0, 3.0, 8.0, 2.0, -3.0, 1.0, 6.0, 1.0, 7.0, 6.0, 8.0, 4.0, 9.0, -8.0, 2.0, -6.0, -4.0, -5.0, 9.0, -1.0, 6.0, -4.0], [-4.0, -6.0, 0.0, -4.0, 6.0, 7.0, 5.0, 4.0, -1.0, 0.0, -1.0, -4.0, 5.0, 5.0, -4.0, 9.0, 5.0, -4.0, 1.0, 5.0, 0.0, -4.0, -5.0, -7.0, -4.0, 8.0, -9.0, -9.0, -1.0, 9.0], [9.0, 0.0, -8.0, -9.0, -1.0, -9.0, 1.0, -6.0, -2.0, 0.0, 0.0, -4.0, -2.0, -2.0, 6.0, -5.0, 6.0, -4.0, 6.0, -9.0, 3.0, -9.0, 3.0, -2.0, 6.0, 3.0, 5.0, -3.0, -6.0, -9.0]]
Biases 2: [[-6.0], [3.0], [-1.0], [1.0], [-4.0], [5.0], [-2.0], [-1.0], [5.0], [5.0], [4.0], [6.0], [-9.0], [5.0], [3.0], [-2.0], [5.0], [-4.0], [-8.0], [3.0], [-7.0], [5.0], [1.0], [0.0], [9.0], [-8.0], [0.0], [2.0], [9.0], [9.0]]
Relu 2: true
Rows 3: 30
Cols 3: 30
Weights 3: [[-6.0, 6.0, -7.0, 0.0, 3.0, -2.0, -2.0, 4.0, 8.0, -5.0, 4.0, 6.0, 0.0, -2.0, 2.0, -5.0, -4.0, -4.0, 0.0, 7.0, 0.0, 6.0, -1.0, 7.0, 2.0, 7.0, -9.0, -3.0, -7.0, -9.0], [2.0, 9.0, 2.0, 8.0, 4.0, -8.0, 1.0, -9.0, -6.0, 0.0, 0.0, 7.0, -2.0, 6.0, -1.0, 1.0, 3.0, -1.0, 5.0, -2.0, -4.0, -2.0, 3.0, -8.0, -7.0, 7.0, 8.0, -9.0, -8.0, -2.0], [-9.0, -3.0, 7.0, 1.0, -2.0, 7.0, -5.0, 1.0, 0.0, -9.0, -1.0, 4.0, 0.0, -8.0, 4.0, 6.0, -7.0, 9.0, 0.0, 0.0, -4.0, -2.0, -4.0, -3.0, 4.0, -5.0, 3.0, 1.0, 0.0, -3.0], [9.0, -7.0, -1.0, 5.0, -1.0, -4.0, -6.0, -8.0, 1.0, -6.0, -7.0, 4.0, 7.0, -7.0, 8.0, 2.0, -4.0, -5.0, 7.0, 2.0, -2.0, 4.0, -6.0, 0.0, -8.0, -4.0, 8.0, -5.0, 1.0, 8.0], [-3.0, 6.0, -7.0, -2.0, 5.0, 6.0, -8.0, -8.0, -5.0, 2.0, 7.0, -8.0, -7.0, 8.0, -1.0, -5.0, -1.0, 6.0, 0.0, 0.0, 2.0, 1.0, -7.0, -4.0, -8.0, 5.0, -5.0, -8.0, -6.0, -1.0], [0.0, 1.0, -1.0, 1.0, -3.0, -6.0, 9.0, 0.0, 8.0, -2.0, 8.0, 4.0, 6.0, 3.0, 0.0, 7.0, -2.0, -8.0, 0.0, 0.0, -6.0, 0.0, -6.0, 3.0, 3.0, -4.0, -2.0, -4.0, -4.0, -1.0], [4.0, 5.0, -6.0, -5.0, -4.0, 1.0, 0.0, -4.0, 2.0, -6.0, -5.0, 5.0, 7.0, -2.0, 7.0, 1.0, 5.0, 5.0, -9.0, 7.0, -9.0, -6.0, -9.0, 6.0, 9.0, 1.0, -1.0, 5.0, -9.0, 5.0], [8.0, -2.0, 2.0, 6.0, 0.0, 1.0, 9.0, 0.0, 4.0, 0.0, 0.0, 6.0, -4.0, 6.0, -1.0, 3.0, -7.0, -9.0, 7.0, 3.0, -3.0, 8.0, -3.0, -6.0, -3.0, 3.0, -6.0, -1.0, -8.0, 7.0], [-6.0, -8.0, 7.0, -4.0, -1.0, -9.0, -9.0, -7.0, 1.0, -7.0, 3.0, 9.0, -8.0, 6.0, 4.0, -3.0, -1.0, 9.0, 5.0, 0.0, 4.0, -9.0, -1.0, 6.0, -9.0, -9.0, 1.0, 2.0, -7.0, -7.0], [7.0, 8.0, 1.0, -9.0, 6.0, -8.0, 0.0, -1.0, 4.0, -3.0, 3.0, 0.0, 3.0, 6.0, 0.0, 1.0, -5.0, 3.0, 0.0, 7.0, 9.0, -8.0, 1.0, 5.0, -9.0, 0.0, -7.0, -9.0, 9.0, -9.0], [-5.0, 6.0, 5.0, 5.0, -3.0, -8.0, 5.0, -4.0, 8.0, 7.0, 5.0, -6.0, 3.0, 6.0, -5.0, 0.0, -5.0, -4.0, 7.0, -9.0, -5.0, -1.0, 0.0, 1.0, -1.0, 2.0, -6.0, -2.0, -5.0, 9.0], [5.0, -2.0, -6.0, 6.0, -4.0, -8.0, 8.0, -3.0, 3.0, -9.0, 9.0, 0.0, 5.0, -1.0, 2.0, -4.0, 4.0, -6.0, -9.0, 2.0, -5.0, -5.0, 2.0, 0.0, -8.0, -6.0, 0.0, -1.0, 2.0, -6.0], [-6.0, 3.0, -3.0, -3.0, 0.0, -2.0, -2.0, 7.0, -8.0, 1.0, 6.0, 0.0, 2.0, -9.0, -1.0, 7.0, 1.0, -4.0, -2.0, -3.0, -8.0, 1.0, -2.0, 1.0, 7.0, -9.0, -9.0, 1.0, 0.0, -1.0], [-1.0, -9.0, -6.0, 0.0, 2.0, -1.0, 1.0, 2.0, 4.0, 7.0, 5.0, -1.0, 4.0, -7.0, -4.0, 3.0, 6.0, 3.0, -1.0, 0.0, -2.0, -4.0, -4.0, -1.0, -4.0, 1.0, -8.0, 7.0, 1.0, -2.0], [-3.0, -2.0, -4.0, -5.0, 9.0, -7.0, 6.0, 9.0, -7.0, 4.0, -5.0, -1.0, 0.0, 0.0, -2.0, 6.0, -5.0, 3.0, -1.0, -3.0, 3.0, -9.0, 8.0, 0.0, 3.0, 0.0, 8.0, -7.0, -3.0, 3.0], [-4.0, -7.0, 5.0, -7.0, 0.0, -4.0, 0.0, 5.0, -1.0, 8.0, 5.0, -4.0, 8.0, 4.0, 0.0, 9.0, -8.0, 2.0, -2.0, 8.0, 3.0, -4.0, -3.0, 6.0, 0.0, 0.0, 3.0, -3.0, 2.0, -8.0], [8.0, 8.0, 8.0, -7.0, -8.0, 8.0, 6.0, 0.0, 4.0, -7.0, -5.0, -3.0, -6.0, 0.0, 7.0, -8.0, -5.0, 8.0, -9.0, -7.0, 5.0, -5.0, 1.0, -3.0, -1.0, 8.0, 5.0, -9.0, -8.0, 0.0], [-4.0, -5.0, -9.0, -6.0, 0.0, 5.0, 9.0, -3.0, 1.0, -5.0, -8.0, 0.0, 5.0, -7.0, 3.0, 5.0, 5.0, -6.0, 5.0, 9.0, 6.0, 0.0, -5.0, -8.0, -8.0, 3.0, 2.0, 8.0, 6.0, 9.0], [-1.0, 4.0, 6.0, -5.0, 5.0, 7.0, -3.0, 5.0, 5.0, 9.0, 7.0, 6.0, 5.0, 1.0, 4.0, 6.0, -9.0, 2.0, 0.0, 3.0, 1.0, -8.0, -6.0, -7.0, -7.0, -2.0, 3.0, 2.0, 1.0, -4.0], [2.0, 5.0, -6.0, -4.0, 0.0, 0.0, 3.0, -3.0, 7.0, 2.0, 5.0, 8.0, 6.0, -8.0, 6.0, -9.0, 8.0, 8.0, 5.0, -9.0, -8.0, 4.0, 7.0, -4.0, 6.0, -5.0, 1.0, -2.0, -3.0, -3.0], [-1.0, -3.0, 6.0, -8.0, 1.0, 3.0, -3.0, 5.0, -6.0, -4.0, -3.0, 8.0, -8.0, 1.0, 1.0, 0.0, -6.0, 1.0, -4.0, 9.0, 7.0, 1.0, 9.0, -7.0, 8.0, 3.0, 4.0, -9.0, 2.0, -6.0], [-6.0, 1.0, 8.0, -2.0, 9.0, -1.0, 6.0, -2.0, -1.0, -1.0, -9.0, 3.0, 4.0, 3.0, -4.0, 0.0, 0.0, -9.0, -3.0, -9.0, -8.0, 6.0, 1.0, 7.0, 0.0, 4.0, 3.0, 0.0, -9.0, 2.0], [-2.0, 0.0, 9.0, -8.0, 0.0, 5.0, 6.0, 7.0, -2.0, 4.0, 4.0, 9.0, 3.0, 5.0, 2.0, 0.0, 8.0, 4.0, -3.0, 0.0, 7.0, -4.0, -5.0, -7.0, 8.0, -9.0, 9.0, 0.0, 4.0, -3.0], [8.0, 4.0, -9.0, 8.0, 8.0, 3.0, 2.0, 3.0, -8.0, 3.0, -4.0, 0.0, -4.0, 8.0, 6.0, 6.0, -6.0, -7.0, 7.0, 4.0, -3.0, -2.0, -8.0, 9.0, -2.0, 5.0, 3.0, 0.0, -6.0, 9.0], [7.0, -6.0, -6.0, -4.0, -7.0, 3.0, 8.0, -4.0, -3.0, 3.0, -2.0, -9.0, 6.0, -9.0, 7.0, -8.0, -8.0, 8.0, -4.0, -5.0, 6.0, -5.0, -4.0, 6.0, 6.0, -8.0, -1.0, 1.0, -7.0, 2.0], [-1.0, -1.0, 8.0, -6.0, 2.0, 8.0, 1.0, 3.0, 5.0, 9.0, -4.0, 5.0, 7.0, 5.0, -9.0, 8.0, 3.0, 8.0, -5.0, -6.0, 6.0, -7.0, 1.0, 2.0, 5.0, 4.0, 6.0, -8.0, 6.0, 5.0], [9.0, 4.0, 5.0, 5.0, -4.0, 6.0, 0.0, 4.0, 9.0, -7.0, 5.0, 5.0, 4.0, 4.0, 0.0, -9.0, 0.0, 0.0, 7.0, 0.0, 7.0, -1.0, 9.0, 3.0, 8.0, 9.0, -7.0, 0.0, -1.0, 0.0], [8.0, -5.0, 8.0, -3.0, -6.0, 5.0, -2.0, 6.0, 4.0, -7.0, 0.0, -1.0, 0.0, -8.0, 0.0, 1.0, -8.0, -5.0, 0.0, 8.0, -8.0, 1.0, -2.0, -2.0, 2.0, 0.0, 0.0, 4.0, 0.0, 8.0], [-7.0, 0.0, 1.0, 7.0, -3.0, 8.0, 2.0, -9.0, 0.0, 4.0, 5.0, 0.0, -5.0, 2.0, -2.0, 2.0, -2.0, -7.0, 9.0, 0.0, 1.0, 0.0, -2.0, -3.0, 6.0, 1.0, 6.0, 9.0, 7.0, -3.0], [-4.0, 9.0, -3.0, 7.0, 7.0, -7.0, -1.0, 3.0, 5.0, -1.0, 3.0, 5.0, 3.0, -8.0, -2.0, -3.0, -9.0, 5.0, 6.0, -6.0, 7.0, 8.0, -3.0, 2.0, 6.0, -9.0, -6.0, 1.0, -1.0, -8.0]]
Biases 3: [[-2.0], [-8.0], [5.0], [1.0], [-4.0], [6.0], [-3.0], [6.0], [7.0], [8.0], [3.0], [-7.0], [3.0], [6.0], [1.0], [8.0], [-4.0], [2.0], [4.0], [-1.0], [5.0], [1.0], [-5.0], [6.0], [-7.0], [5.0], [-4.0], [-4.0], [9.0], [3.0]]
Relu 3: true
Rows 4: 4
Cols 4: 30
Weights 4: [[8.0, -3.0, 0.0, -9.0, -1.0, -1.0, 0.0, -7.0, 6.0, -2.0, 4.0, -1.0, 6.0, 1.0, 9.0, 1.0, 1.0, -8.0, 0.0, -6.0, 6.0, 7.0, 1.0, 3.0, -3.0, -6.0, 9.0, -2.0, -5.0, 0.0], [0.0, 1.0, 9.0, 9.0, 8.0, 0.0, -7.0, -1.0, -3.0, 2.0, -2.0, -5.0, 2.0, -3.0, 2.0, -5.0, -9.0, 1.0, 7.0, -5.0, -1.0, -9.0, 5.0, -1.0, 0.0, 9.0, 1.0, 9.0, 4.0, -4.0], [1.0, 7.0, 8.0, -6.0, 3.0, -1.0, 8.0, -9.0, 5.0, 1.0, -6.0, 0.0, 4.0, 0.0, 3.0, -3.0, -6.0, 8.0, 0.0, 5.0, -5.0, -4.0, 4.0, -2.0, 0.0, -5.0, -6.0, -7.0, 0.0, -1.0], [-8.0, 7.0, -1.0, -3.0, -6.0, 0.0, -6.0, -1.0, 2.0, -2.0, 8.0, -2.0, 0.0, 0.0, -4.0, 4.0, -6.0, 9.0, 5.0, 5.0, 2.0, 1.0, 8.0, -6.0, -3.0, -7.0, -7.0, 0.0, -4.0, 9.0]]
Biases 4: [[5.0], [3.0], [-7.0], [3.0]]
Relu 4: false
Example_Input:[[1.0], [1.0], [1.0], [1.0], [1.0], [1.0], [1.0], [1.0], [1.0], [1.0], [1.0], [1.0], [1.0], [1.0], [1.0], [1.0], [1.0], [1.0], [1.0], [1.0], [1.0], [1.0], [1.0], [1.0], [1.0], [1.0], [1.0], [1.0], [1.0], [1.0]]
Example_Output:[[355907.0], [377077.0], [17939.0], [-558673.0]]
